	SRR2352185	SRR2352186	SRR2352187	SRR2352188	SRR2352189	SRR2352190	SRR2352191	SRR2352192	SRR2352193	SRR2352194	SRR2352195	SRR2352196	SRR2352197	SRR2352198	SRR2352199	SRR2352200	SRR2352201	SRR2352202	SRR2352203	SRR2352204	SRR2352205	SRR2352206	SRR2352207	SRR2352208	SRR2352209	SRR2352210	SRR2352211	SRR2352212	SRR2352213	SRR2352214	SRR2352215	SRR2352216	SRR2352217	SRR2352218	SRR2352219	SRR2352220	SRR2352221	SRR2352222	SRR2352223	SRR2352224	SRR2352225	SRR2352226	SRR2352227	SRR2352228	SRR2352229	SRR2352230	SRR2352231	SRR2352232	SRR2352233	SRR2352234
0	0	0	0.0	0.0	0	0.0	1	0	0.0	0	0.0	0	1	0	0.0	0	1	0	0.0	0.0	0.0	0	0	0	0	0	0	0	1	1.0	1	1	1	1	0	0	0	0	0	0	1	1	0	1	1.0	0.0	0.0	0.0	0	0.0
1	0	0	0.0	0.0	0	0.0	1	0	0.0	0	0.0	0	1	0	0.0	0	1	0	0.0	NaN	0.0	0	0	0	0	0	0	0	1	1.0	1	1	0	0	0	0	0	0	0	0	0	0	0	0	0.0	0.0	0.0	0.0	0	0.0
2	0	0	0.0	0.0	0	0.0	0	0	0.0	0	0.0	0	0	1	0.0	0	0	0	0.0	0.0	1.0	0	0	0	0	0	0	0	0	0.0	0	0	0	0	0	0	0	0	0	0	0	0	0	0	0.0	0.0	0.0	0.0	0	0.0
3	1	1	1.0	1.0	1	1.0	1	0	1.0	1	1.0	0	1	1	1.0	1	1	1	1.0	NaN	NaN	1	1	1	1	1	1	1	1	1.0	1	1	1	1	1	1	1	1	1	1	1	1	1	1	1.0	NaN	1.0	1.0	1	1.0
4	0	0	0.0	0.0	0	0.0	0	0	0.0	0	0.0	0	0	0	0.0	0	0	0	0.0	0.0	0.0	0	0	0	0	0	0	0	0	0.0	0	0	1	1	0	0	0	0	0	0	0	0	0	0	0.0	0.0	0.0	0.0	0	0.0
5	0	0	0.0	0.0	0	0.0	0	1	0.0	0	0.0	1	0	0	0.0	0	0	0	0.0	0.0	0.0	0	0	0	0	0	0	0	0	0.0	0	0	0	0	0	0	0	0	0	0	0	0	0	0	0.0	0.0	0.0	0.0	0	0.0
6	0	0	0.0	0.0	0	0.0	0	1	0.0	0	0.0	1	0	0	0.0	0	0	0	0.0	0.0	NaN	0	0	0	0	0	0	0	0	0.0	0	0	0	0	0	0	0	0	0	0	0	0	0	0	0.0	0.0	0.0	0.0	0	0.0
7	0	0	0.0	0.0	0	0.0	0	1	0.0	0	0.0	1	0	0	0.0	0	0	0	0.0	0.0	NaN	0	0	0	0	0	0	0	0	0.0	0	0	0	0	0	0	0	0	0	0	0	0	0	0	0.0	0.0	0.0	0.0	0	0.0
8	1	1	1.0	1.0	1	1.0	0	0	1.0	1	1.0	0	0	1	1.0	1	0	1	1.0	NaN	1.0	1	1	1	1	1	1	1	0	0.0	0	0	0	0	1	1	1	1	1	1	0	0	1	0	0.0	1.0	1.0	1.0	1	1.0
9	1	1	1.0	1.0	1	1.0	1	0	1.0	1	1.0	0	1	1	1.0	1	1	1	1.0	NaN	1.0	1	1	1	1	1	1	1	1	1.0	1	1	1	1	1	1	1	1	1	1	1	1	1	1	1.0	NaN	1.0	1.0	1	1.0
10	1	1	1.0	1.0	1	1.0	1	0	1.0	1	1.0	0	1	1	1.0	1	1	1	1.0	NaN	1.0	1	1	1	1	1	1	1	1	1.0	1	1	1	1	1	1	1	1	1	1	1	1	1	1	1.0	NaN	1.0	1.0	1	1.0
11	1	1	1.0	1.0	1	1.0	1	0	1.0	1	1.0	0	1	1	1.0	1	1	1	1.0	NaN	1.0	1	1	1	1	1	1	1	1	1.0	1	1	1	1	1	1	1	1	1	1	1	1	1	1	1.0	NaN	1.0	1.0	1	1.0
12	0	0	0.0	0.0	0	0.0	0	1	0.0	0	0.0	1	0	0	0.0	0	0	0	0.0	0.0	0.0	0	0	0	0	0	0	0	0	0.0	0	0	0	0	0	0	0	0	0	0	0	0	0	0	0.0	0.0	0.0	0.0	0	0.0
13	0	0	0.0	1.0	0	0.0	0	0	0.0	0	0.0	0	0	0	1.0	1	0	0	1.0	1.0	0.0	0	0	0	0	0	0	0	0	0.0	0	0	0	0	0	0	0	0	0	0	0	0	0	0	0.0	NaN	1.0	1.0	1	1.0
14	0	0	0.0	0.0	0	0.0	0	1	0.0	0	0.0	1	0	0	0.0	0	0	0	0.0	NaN	0.0	0	0	0	0	0	0	0	0	0.0	0	0	0	0	0	0	0	0	0	0	0	0	0	0	0.0	0.0	0.0	0.0	0	0.0
15	0	0	0.0	0.0	0	0.0	1	0	0.0	0	0.0	0	1	0	0.0	0	1	0	0.0	NaN	0.0	0	0	0	0	0	0	0	1	1.0	1	1	0	0	0	0	0	0	0	0	0	0	0	0	0.0	0.0	0.0	0.0	0	0.0
16	1	1	1.0	1.0	1	1.0	1	0	1.0	1	1.0	0	1	1	1.0	1	1	1	1.0	NaN	1.0	1	1	1	1	1	1	1	1	1.0	1	1	1	1	1	1	1	1	1	1	1	1	1	1	1.0	NaN	1.0	1.0	1	1.0
17	0	0	0.0	0.0	0	0.0	0	0	0.0	0	0.0	1	0	0	0.0	0	0	0	0.0	0.0	0.0	0	0	0	0	0	0	0	0	0.0	0	0	0	0	0	0	0	0	0	0	0	0	0	0	0.0	0.0	0.0	0.0	0	0.0
18	1	0	0.0	0.0	0	0.0	0	0	0.0	0	0.0	0	0	0	0.0	0	0	0	0.0	0.0	0.0	0	0	0	0	0	0	0	0	0.0	0	0	0	0	0	0	0	0	0	0	0	0	0	0	0.0	0.0	0.0	0.0	0	0.0
19	1	1	1.0	1.0	1	1.0	1	0	1.0	1	1.0	0	1	1	1.0	1	1	1	1.0	NaN	NaN	1	1	1	1	1	1	1	1	1.0	1	1	1	1	1	1	1	1	1	1	1	1	1	1	1.0	NaN	1.0	1.0	1	1.0
20	1	1	1.0	1.0	1	1.0	0	0	1.0	1	1.0	0	0	0	1.0	1	0	0	1.0	NaN	NaN	1	1	1	0	0	1	1	0	0.0	0	0	0	0	1	1	0	0	0	0	0	0	1	0	0.0	NaN	1.0	1.0	1	1.0
21	1	1	1.0	1.0	1	1.0	1	0	1.0	1	1.0	0	1	1	1.0	1	1	1	1.0	NaN	1.0	1	1	1	1	1	1	1	1	1.0	1	1	1	1	1	1	1	1	1	1	1	1	1	1	1.0	NaN	1.0	1.0	1	1.0
22	0	0	0.0	0.0	0	0.0	0	0	0.0	0	0.0	0	0	0	0.0	0	0	0	0.0	0.0	0.0	0	0	0	0	0	0	0	0	0.0	0	0	1	1	0	0	0	0	0	0	0	0	0	0	0.0	0.0	0.0	0.0	0	0.0
23	1	1	1.0	1.0	1	1.0	1	0	1.0	1	1.0	0	1	1	1.0	1	1	1	1.0	NaN	1.0	1	1	1	1	1	1	1	1	1.0	1	1	1	1	1	1	1	1	1	1	1	1	1	1	1.0	NaN	1.0	1.0	1	1.0
24	0	0	0.0	0.0	0	0.0	0	0	0.0	0	0.0	1	0	0	0.0	0	0	0	0.0	NaN	0.0	0	0	0	0	0	0	0	0	0.0	0	0	0	0	0	0	0	0	0	0	0	0	0	0	0.0	0.0	0.0	NaN	0	0.0
25	1	1	1.0	1.0	1	1.0	1	0	1.0	1	1.0	0	1	1	1.0	1	1	1	1.0	NaN	1.0	1	1	1	1	1	1	1	1	1.0	1	1	1	1	1	1	1	1	1	1	1	1	1	1	1.0	NaN	1.0	1.0	1	1.0
26	1	1	1.0	1.0	1	1.0	1	0	1.0	1	1.0	0	1	1	1.0	1	1	1	1.0	NaN	1.0	1	1	1	1	1	1	1	1	1.0	1	1	1	1	1	1	1	1	1	1	1	1	1	1	1.0	NaN	1.0	1.0	1	1.0
27	1	1	1.0	1.0	1	1.0	1	0	1.0	1	1.0	0	1	1	1.0	1	1	1	1.0	NaN	1.0	1	1	1	1	1	1	1	1	1.0	1	1	1	1	1	1	1	1	1	1	1	1	1	1	1.0	1.0	1.0	1.0	1	1.0
28	0	0	0.0	0.0	0	0.0	0	0	0.0	0	0.0	0	0	0	0.0	0	0	0	0.0	NaN	1.0	0	0	0	0	0	0	0	0	0.0	0	0	0	0	0	0	0	0	0	0	0	0	0	0	0.0	0.0	0.0	0.0	0	0.0
29	0	0	0.0	0.0	0	0.0	0	0	0.0	0	0.0	0	0	0	0.0	0	0	1	0.0	0.0	0.0	0	0	0	0	0	0	0	0	0.0	0	0	0	0	0	0	0	0	0	0	0	0	0	0	0.0	0.0	0.0	0.0	0	0.0
30	1	1	1.0	1.0	1	1.0	1	0	1.0	1	1.0	0	1	1	1.0	1	1	1	1.0	NaN	NaN	1	1	1	1	1	1	1	1	1.0	1	1	1	1	1	1	1	1	1	1	1	1	1	1	1.0	NaN	1.0	1.0	1	1.0
31	1	1	1.0	1.0	1	1.0	1	0	1.0	1	1.0	0	1	1	1.0	1	1	1	1.0	1.0	1.0	1	1	1	1	1	1	1	1	1.0	1	1	1	1	1	1	1	1	1	1	1	1	1	1	1.0	1.0	1.0	1.0	1	1.0
32	1	1	1.0	1.0	1	1.0	1	0	1.0	1	1.0	0	1	1	1.0	1	1	1	1.0	NaN	1.0	1	1	1	1	1	1	1	1	1.0	1	1	1	1	1	1	1	1	1	1	1	1	1	1	1.0	NaN	1.0	1.0	1	1.0
33	1	1	1.0	1.0	1	1.0	1	0	1.0	1	1.0	0	1	1	1.0	1	1	1	1.0	NaN	1.0	1	1	1	1	1	1	1	1	1.0	1	1	1	1	1	1	1	1	1	1	1	1	1	1	1.0	NaN	1.0	1.0	1	1.0
34	0	0	0.0	0.0	0	0.0	0	0	0.0	0	0.0	0	0	0	0.0	0	0	0	0.0	0.0	0.0	0	0	0	0	0	0	0	0	0.0	0	0	1	1	0	0	0	0	0	0	0	0	0	0	0.0	0.0	0.0	0.0	0	0.0
35	0	0	0.0	0.0	0	0.0	0	1	0.0	0	0.0	1	0	0	0.0	0	0	0	0.0	0.0	NaN	0	0	0	0	0	0	0	0	0.0	0	0	0	0	0	0	0	0	0	0	0	0	0	0	0.0	0.0	0.0	0.0	0	0.0
36	0	0	0.0	0.0	0	0.0	0	1	0.0	0	0.0	1	0	0	0.0	0	0	0	0.0	0.0	0.0	0	0	0	0	0	0	0	0	0.0	0	0	0	0	0	0	0	0	0	0	0	0	0	0	0.0	0.0	0.0	0.0	0	0.0
37	0	0	0.0	0.0	0	0.0	0	0	0.0	0	0.0	0	0	0	0.0	0	0	1	0.0	0.0	0.0	0	0	0	0	0	0	0	0	0.0	0	0	0	0	0	0	0	0	0	0	0	0	0	0	0.0	0.0	0.0	0.0	0	0.0
38	1	1	1.0	1.0	1	1.0	1	0	1.0	1	1.0	0	1	1	1.0	1	1	1	1.0	NaN	1.0	1	1	1	1	1	1	1	1	1.0	1	1	1	1	1	1	1	1	1	1	1	1	1	1	1.0	NaN	1.0	1.0	1	1.0
39	1	1	NaN	1.0	1	1.0	0	0	1.0	1	1.0	0	0	1	1.0	1	0	1	1.0	1.0	NaN	1	1	1	1	1	1	1	0	0.0	0	0	0	0	1	1	1	1	1	1	0	0	1	0	0.0	NaN	1.0	1.0	1	1.0
40	1	1	1.0	1.0	1	1.0	0	0	1.0	1	1.0	0	0	1	1.0	1	0	1	1.0	1.0	1.0	1	1	1	1	1	1	1	0	0.0	0	0	0	0	1	1	1	1	1	1	0	0	1	0	0.0	1.0	1.0	1.0	1	1.0
41	1	1	1.0	1.0	1	1.0	1	0	1.0	1	1.0	0	1	1	1.0	1	1	1	1.0	NaN	1.0	1	1	1	1	1	1	1	1	1.0	1	1	1	1	1	1	1	1	1	1	1	1	1	1	1.0	NaN	1.0	1.0	1	1.0
42	1	1	NaN	1.0	1	1.0	1	0	1.0	1	1.0	0	1	1	NaN	1	1	1	NaN	NaN	1.0	1	1	1	1	1	1	1	1	1.0	1	1	1	1	1	1	1	1	1	1	1	1	1	1	1.0	NaN	1.0	NaN	1	1.0
43	1	1	1.0	1.0	1	1.0	1	0	1.0	1	1.0	0	1	1	1.0	1	1	1	1.0	1.0	1.0	1	1	1	1	1	1	1	1	1.0	1	1	1	1	1	1	1	1	1	1	1	1	1	1	1.0	1.0	1.0	1.0	1	1.0
44	1	1	1.0	1.0	1	1.0	1	0	1.0	1	1.0	0	1	1	1.0	1	1	1	1.0	1.0	1.0	1	1	1	1	1	1	1	1	1.0	1	1	1	1	1	1	1	1	1	1	1	1	1	1	1.0	1.0	1.0	1.0	1	1.0
45	0	0	0.0	0.0	0	0.0	0	0	0.0	0	0.0	1	0	0	0.0	0	0	0	0.0	0.0	0.0	0	0	0	0	0	0	0	0	0.0	0	0	0	0	0	0	0	0	0	0	0	0	0	0	0.0	0.0	0.0	0.0	0	0.0
46	1	1	1.0	1.0	1	1.0	1	0	1.0	1	1.0	0	1	1	1.0	1	1	1	1.0	1.0	1.0	1	1	1	1	1	1	1	1	1.0	1	1	1	1	1	1	1	1	1	1	1	1	1	1	1.0	1.0	1.0	1.0	1	1.0
47	0	0	0.0	0.0	0	0.0	0	0	0.0	0	0.0	0	0	1	0.0	0	0	0	0.0	0.0	1.0	0	0	0	0	0	0	0	0	0.0	0	0	0	0	0	0	0	0	0	0	0	0	0	0	0.0	0.0	0.0	0.0	0	0.0
48	0	0	0.0	0.0	0	0.0	1	0	0.0	0	0.0	0	1	0	0.0	0	1	0	0.0	NaN	NaN	0	0	0	0	0	0	0	1	1.0	1	1	1	1	0	0	0	0	0	0	1	1	0	1	1.0	NaN	0.0	0.0	0	0.0
49	0	0	0.0	0.0	0	0.0	0	1	0.0	0	0.0	1	0	0	0.0	0	0	0	0.0	0.0	0.0	0	0	0	0	0	0	0	0	0.0	0	0	0	0	0	0	0	0	0	0	0	0	0	0	0.0	0.0	0.0	0.0	0	0.0
50	0	0	0.0	0.0	0	0.0	0	0	0.0	0	0.0	1	0	0	0.0	0	0	0	0.0	NaN	0.0	0	0	0	0	0	0	0	0	0.0	0	0	0	0	0	0	0	0	0	0	0	0	0	0	0.0	0.0	0.0	NaN	0	0.0
51	0	0	0.0	0.0	0	0.0	1	0	0.0	0	0.0	0	1	0	0.0	0	1	0	0.0	NaN	0.0	0	0	0	0	0	0	0	1	1.0	1	1	0	0	0	0	0	0	0	0	0	0	0	0	0.0	0.0	0.0	0.0	0	0.0
52	1	1	1.0	1.0	1	1.0	1	0	1.0	1	1.0	0	1	1	1.0	1	1	1	1.0	NaN	1.0	1	1	1	1	1	1	1	1	1.0	1	1	1	1	1	1	1	1	1	1	1	1	1	1	1.0	NaN	1.0	1.0	1	1.0
53	0	0	0.0	0.0	0	0.0	1	0	0.0	0	0.0	0	1	0	0.0	0	1	0	0.0	NaN	0.0	0	0	0	0	0	0	0	1	1.0	1	1	0	0	0	0	0	0	0	0	0	0	0	0	0.0	0.0	0.0	0.0	0	0.0
54	1	1	1.0	1.0	1	1.0	1	0	1.0	1	1.0	0	1	1	1.0	1	1	1	1.0	NaN	1.0	1	1	1	1	1	1	1	1	1.0	1	1	1	1	1	1	1	1	1	1	1	1	1	1	NaN	1.0	NaN	1.0	1	1.0
55	0	0	0.0	0.0	0	0.0	1	0	0.0	0	0.0	0	1	0	0.0	0	1	0	0.0	NaN	0.0	0	0	0	0	0	0	0	1	1.0	1	1	0	0	0	0	0	0	0	0	0	0	0	0	0.0	0.0	0.0	0.0	0	0.0
56	0	0	0.0	0.0	0	0.0	0	0	0.0	0	0.0	1	0	0	0.0	0	0	0	0.0	0.0	0.0	0	0	0	0	0	0	0	0	0.0	0	0	0	0	0	0	0	0	0	0	0	0	0	0	0.0	NaN	0.0	0.0	0	0.0
57	0	0	0.0	0.0	0	0.0	0	0	0.0	0	0.0	0	0	0	0.0	0	0	1	0.0	0.0	0.0	0	0	0	0	0	0	0	0	0.0	0	0	0	0	0	0	0	0	0	0	0	0	0	0	0.0	0.0	0.0	0.0	0	0.0
58	1	1	1.0	1.0	1	1.0	0	0	1.0	1	1.0	0	0	1	1.0	1	0	1	1.0	NaN	1.0	1	1	1	1	1	1	1	0	0.0	0	0	0	0	1	1	1	1	1	1	0	0	1	0	0.0	NaN	1.0	NaN	1	1.0
59	1	1	1.0	1.0	1	1.0	1	0	1.0	1	1.0	0	1	1	1.0	1	1	1	1.0	NaN	NaN	1	1	1	1	1	1	1	1	1.0	1	1	1	1	1	1	1	1	1	1	1	1	1	1	1.0	1.0	1.0	1.0	1	1.0
60	0	0	0.0	0.0	0	0.0	1	0	0.0	0	0.0	0	1	0	0.0	0	1	0	0.0	NaN	NaN	0	0	0	0	0	0	0	1	1.0	1	1	1	1	0	0	0	0	0	0	1	1	0	1	1.0	NaN	0.0	0.0	0	0.0
61	0	0	0.0	0.0	0	0.0	1	0	0.0	0	0.0	0	1	0	0.0	0	1	0	0.0	0.0	0.0	0	0	0	0	0	0	0	1	1.0	1	1	1	1	0	0	0	0	0	0	1	1	0	1	1.0	0.0	0.0	0.0	0	0.0
62	0	0	0.0	0.0	1	0.0	0	0	0.0	0	0.0	0	0	0	0.0	0	0	0	0.0	0.0	0.0	0	0	0	0	0	0	0	0	0.0	0	0	0	0	0	0	0	0	0	0	0	0	0	0	0.0	0.0	0.0	NaN	0	0.0
63	0	0	0.0	0.0	0	0.0	1	0	0.0	0	0.0	0	1	0	0.0	0	1	0	0.0	NaN	NaN	0	0	0	0	0	0	0	1	1.0	1	1	1	1	0	0	0	0	0	0	1	1	0	1	1.0	NaN	0.0	0.0	0	0.0
64	0	0	0.0	0.0	0	0.0	0	0	0.0	0	0.0	0	0	0	0.0	0	0	1	0.0	0.0	0.0	0	0	0	0	0	0	0	0	0.0	0	0	0	0	0	0	0	0	0	0	0	0	0	0	0.0	0.0	0.0	0.0	0	0.0
65	0	0	0.0	0.0	0	0.0	1	0	0.0	0	0.0	0	1	0	0.0	0	1	0	0.0	NaN	0.0	0	0	0	0	0	0	0	1	1.0	1	1	0	0	0	0	0	0	0	0	0	0	0	0	0.0	0.0	0.0	0.0	0	0.0
66	0	0	0.0	0.0	0	0.0	0	0	0.0	0	0.0	0	0	0	0.0	0	0	1	0.0	0.0	0.0	0	0	0	0	0	0	0	0	0.0	0	0	0	0	0	0	0	0	0	0	0	0	0	0	0.0	0.0	0.0	0.0	0	0.0
67	1	1	1.0	1.0	1	1.0	0	0	1.0	1	1.0	0	0	0	1.0	1	0	0	1.0	NaN	0.0	1	1	1	0	0	1	1	0	0.0	0	0	0	0	1	1	0	0	0	0	0	0	1	0	0.0	NaN	1.0	1.0	1	1.0
68	0	0	0.0	0.0	0	0.0	1	0	0.0	0	0.0	0	1	0	0.0	0	1	0	0.0	0.0	0.0	0	0	0	0	0	0	0	1	1.0	1	1	1	1	0	0	0	0	0	0	1	1	0	1	1.0	0.0	0.0	0.0	0	0.0
69	1	1	1.0	1.0	1	1.0	1	0	1.0	1	1.0	0	1	1	1.0	1	1	1	1.0	NaN	1.0	1	1	1	1	1	1	1	1	1.0	1	1	1	1	1	1	1	1	1	1	1	1	1	1	1.0	NaN	1.0	1.0	1	1.0
70	1	0	0.0	0.0	0	0.0	0	0	0.0	0	0.0	0	0	0	0.0	0	0	0	0.0	0.0	0.0	0	0	0	0	0	0	0	0	0.0	0	0	0	0	0	0	0	0	0	0	0	0	0	0	0.0	0.0	0.0	0.0	0	0.0
71	1	1	1.0	1.0	1	1.0	1	0	1.0	1	1.0	0	1	1	1.0	1	1	1	1.0	1.0	1.0	1	1	1	1	1	1	1	1	1.0	1	1	1	1	1	1	1	1	1	1	1	1	1	1	1.0	1.0	1.0	1.0	1	1.0
72	1	1	1.0	1.0	1	1.0	1	0	1.0	1	1.0	0	1	1	1.0	1	1	1	1.0	1.0	1.0	1	1	1	1	1	1	1	1	1.0	1	1	1	1	1	1	1	1	1	1	1	1	1	1	1.0	1.0	1.0	1.0	1	1.0
73	1	1	1.0	1.0	1	1.0	1	0	1.0	1	1.0	0	1	1	1.0	1	1	1	1.0	NaN	1.0	1	1	1	1	1	1	1	1	1.0	1	1	1	1	1	1	1	1	1	1	1	1	1	1	1.0	NaN	1.0	1.0	1	1.0
74	1	1	1.0	1.0	1	1.0	1	0	1.0	1	1.0	0	1	1	1.0	1	1	1	1.0	NaN	NaN	1	1	1	1	1	1	1	1	1.0	1	1	1	1	1	1	1	1	1	1	1	1	1	1	1.0	1.0	1.0	1.0	1	1.0
75	0	0	0.0	0.0	0	0.0	1	0	0.0	0	0.0	0	1	0	0.0	0	1	0	0.0	NaN	0.0	0	0	0	0	0	0	0	1	1.0	1	1	1	1	0	0	0	0	0	0	1	1	0	1	1.0	0.0	0.0	0.0	0	0.0
76	0	0	0.0	0.0	0	0.0	0	0	0.0	0	0.0	1	0	0	0.0	0	0	0	0.0	0.0	0.0	0	0	0	0	0	0	0	0	0.0	0	0	0	0	0	0	0	0	0	0	0	0	0	0	0.0	0.0	0.0	0.0	0	0.0
77	0	0	0.0	0.0	0	0.0	1	0	0.0	0	0.0	0	1	0	0.0	0	1	0	0.0	NaN	NaN	0	0	0	0	0	0	0	1	1.0	1	1	1	1	0	0	0	0	0	0	1	1	0	1	1.0	NaN	0.0	0.0	0	0.0
78	1	1	1.0	1.0	1	1.0	1	0	1.0	1	1.0	0	1	1	1.0	1	1	1	1.0	NaN	1.0	1	1	1	1	1	1	1	1	1.0	1	1	1	1	1	1	1	1	1	1	1	1	1	1	1.0	NaN	1.0	1.0	1	1.0
79	0	0	0.0	0.0	0	0.0	1	0	0.0	0	0.0	0	1	0	0.0	0	1	0	0.0	NaN	0.0	0	0	0	0	0	0	0	1	1.0	1	1	1	1	0	0	0	0	0	0	1	1	0	1	1.0	0.0	0.0	0.0	0	0.0
80	1	1	1.0	1.0	1	1.0	1	0	1.0	1	1.0	0	1	1	1.0	1	1	1	1.0	1.0	1.0	1	1	1	1	1	1	1	1	1.0	1	1	1	1	1	1	1	1	1	1	1	1	1	1	1.0	1.0	1.0	1.0	1	1.0
81	1	1	1.0	1.0	1	1.0	1	0	1.0	1	1.0	0	1	1	1.0	1	1	1	1.0	1.0	1.0	1	1	1	1	1	1	1	1	1.0	1	1	1	1	1	1	1	1	1	1	1	1	1	1	1.0	1.0	1.0	1.0	1	1.0
82	0	0	0.0	0.0	0	0.0	1	0	0.0	0	0.0	0	1	0	0.0	0	1	0	0.0	NaN	NaN	0	0	0	0	0	0	0	1	1.0	1	1	1	1	0	0	0	0	0	0	1	1	0	1	1.0	NaN	0.0	0.0	0	0.0
83	1	1	1.0	1.0	1	1.0	1	0	1.0	1	1.0	0	1	1	1.0	1	1	1	1.0	NaN	1.0	1	1	1	1	1	1	1	1	1.0	1	1	1	1	1	1	1	1	1	1	1	1	1	1	1.0	NaN	1.0	1.0	1	1.0
84	1	1	1.0	1.0	1	1.0	1	0	1.0	1	1.0	0	1	1	1.0	1	1	1	1.0	NaN	1.0	1	1	1	1	1	1	1	1	1.0	1	1	1	1	1	1	1	1	1	1	1	1	1	1	1.0	NaN	1.0	1.0	1	1.0
85	0	0	0.0	0.0	0	0.0	1	0	0.0	0	0.0	0	1	0	0.0	0	1	0	0.0	0.0	0.0	0	0	0	0	0	0	0	1	1.0	1	1	1	1	0	0	0	0	0	0	1	1	0	1	1.0	0.0	0.0	0.0	0	0.0
86	1	1	1.0	1.0	1	1.0	1	0	1.0	1	1.0	0	1	1	1.0	1	1	1	1.0	NaN	1.0	1	1	1	1	1	1	1	1	1.0	1	1	1	1	1	1	1	1	1	1	1	1	1	1	1.0	NaN	1.0	1.0	1	1.0
87	1	1	1.0	1.0	1	1.0	0	0	1.0	1	1.0	0	0	0	1.0	1	0	0	1.0	NaN	0.0	1	1	1	0	0	1	1	0	0.0	0	0	0	0	1	1	0	0	0	0	0	0	1	0	0.0	NaN	1.0	NaN	1	1.0
88	0	0	0.0	0.0	1	0.0	0	0	0.0	0	0.0	0	0	0	0.0	0	0	0	0.0	0.0	0.0	0	0	0	0	0	0	0	0	0.0	0	0	0	0	0	0	0	0	0	0	0	0	0	0	0.0	0.0	0.0	NaN	0	0.0
89	0	0	0.0	0.0	0	0.0	0	1	0.0	0	0.0	1	0	0	0.0	0	0	0	0.0	0.0	NaN	0	0	0	0	0	0	0	0	0.0	0	0	0	0	0	0	0	0	0	0	0	0	0	0	0.0	0.0	0.0	0.0	0	0.0
90	1	1	1.0	1.0	1	1.0	1	0	1.0	1	1.0	0	1	1	1.0	1	1	1	1.0	1.0	1.0	1	1	1	1	1	1	1	1	1.0	1	1	1	1	1	1	1	1	1	1	1	1	1	1	1.0	1.0	1.0	1.0	1	1.0
91	0	0	0.0	0.0	0	0.0	1	0	0.0	0	0.0	0	1	0	0.0	0	1	0	0.0	NaN	NaN	0	0	0	0	0	0	0	1	1.0	1	1	1	1	0	0	0	0	0	0	1	1	0	1	1.0	NaN	0.0	0.0	0	0.0
92	1	1	1.0	1.0	1	1.0	0	0	1.0	1	1.0	0	0	1	1.0	1	0	1	1.0	NaN	NaN	1	1	1	1	1	1	1	0	NaN	0	0	0	0	1	1	1	1	1	1	0	0	1	0	0.0	1.0	1.0	1.0	1	1.0
93	1	1	1.0	1.0	1	1.0	1	0	1.0	1	1.0	0	1	1	1.0	1	1	1	1.0	NaN	NaN	1	1	1	1	1	1	1	1	1.0	1	1	1	1	1	1	1	1	1	1	1	1	1	1	1.0	1.0	1.0	1.0	1	1.0
94	0	0	0.0	0.0	0	0.0	0	0	0.0	0	0.0	0	0	1	0.0	0	0	0	0.0	0.0	1.0	0	0	0	0	0	0	0	0	0.0	0	0	0	0	0	0	0	0	0	0	0	0	0	0	0.0	0.0	0.0	0.0	0	0.0
95	0	0	0.0	0.0	0	0.0	0	0	0.0	0	0.0	0	0	0	0.0	0	0	1	0.0	0.0	0.0	0	0	0	0	0	0	0	0	0.0	0	0	0	0	0	0	0	0	0	0	0	0	0	0	0.0	0.0	0.0	0.0	0	0.0
96	0	0	0.0	0.0	0	0.0	0	0	0.0	0	0.0	1	0	0	0.0	0	0	0	0.0	NaN	0.0	0	0	0	0	0	0	0	0	0.0	0	0	0	0	0	0	0	0	0	0	0	0	0	0	0.0	0.0	0.0	NaN	0	0.0
97	1	1	1.0	1.0	1	1.0	0	0	1.0	1	1.0	0	0	0	1.0	1	0	0	1.0	NaN	0.0	1	1	1	0	0	1	1	0	0.0	0	0	0	0	1	1	0	0	0	0	0	0	1	0	0.0	1.0	1.0	1.0	1	1.0
98	1	1	1.0	1.0	1	1.0	1	0	1.0	1	1.0	0	1	1	1.0	1	1	1	1.0	1.0	1.0	1	1	1	1	1	1	1	1	1.0	1	1	1	1	1	1	1	1	1	1	1	1	1	1	1.0	1.0	1.0	1.0	1	1.0
99	1	1	1.0	1.0	1	1.0	1	0	1.0	1	1.0	0	1	1	1.0	1	1	1	1.0	1.0	1.0	1	1	1	1	1	1	1	1	1.0	1	1	1	1	1	1	1	1	1	1	1	1	1	1	1.0	1.0	1.0	1.0	1	1.0
100	0	0	0.0	0.0	0	0.0	0	0	0.0	0	0.0	0	0	0	0.0	0	0	0	0.0	NaN	1.0	0	0	0	0	0	0	0	0	0.0	0	0	0	0	0	0	0	0	0	0	0	0	0	0	0.0	0.0	0.0	0.0	0	0.0
101	0	0	0.0	0.0	0	0.0	0	1	0.0	0	0.0	1	0	0	0.0	0	0	0	0.0	NaN	0.0	0	0	0	0	0	0	0	0	0.0	0	0	0	0	0	0	0	0	0	0	0	0	0	0	0.0	0.0	0.0	0.0	0	0.0
102	1	1	1.0	1.0	1	1.0	1	0	1.0	1	1.0	0	1	1	1.0	1	1	1	1.0	1.0	1.0	1	1	1	1	1	1	1	1	1.0	1	1	1	1	1	1	1	1	1	1	1	1	1	1	1.0	1.0	1.0	1.0	1	1.0
103	1	1	1.0	1.0	1	1.0	1	0	1.0	1	1.0	0	1	1	1.0	1	1	1	1.0	1.0	1.0	1	1	1	1	1	1	1	1	1.0	1	1	1	1	1	1	1	1	1	1	1	1	1	1	1.0	1.0	1.0	NaN	1	1.0
104	1	0	0.0	0.0	0	0.0	0	0	0.0	0	0.0	0	0	0	0.0	0	0	0	0.0	0.0	0.0	0	0	0	0	0	0	0	0	0.0	0	0	0	0	0	0	0	0	0	0	0	0	0	0	0.0	0.0	0.0	0.0	0	0.0
105	1	1	1.0	1.0	1	1.0	0	0	1.0	1	1.0	0	0	1	1.0	1	0	1	1.0	NaN	1.0	1	1	1	1	1	1	1	0	0.0	0	0	0	0	1	1	1	1	1	1	0	0	1	0	0.0	1.0	1.0	1.0	1	1.0
106	0	0	0.0	0.0	0	0.0	0	1	0.0	0	0.0	1	0	0	0.0	0	0	0	0.0	0.0	0.0	0	0	0	0	0	0	0	0	0.0	0	0	0	0	0	0	0	0	0	0	0	0	0	0	0.0	0.0	0.0	0.0	0	0.0
107	1	1	1.0	1.0	1	1.0	1	0	1.0	1	1.0	0	1	1	1.0	1	1	1	1.0	NaN	1.0	1	1	1	1	1	1	1	1	1.0	1	1	1	1	1	1	1	1	1	1	1	1	1	1	1.0	NaN	1.0	1.0	1	1.0
108	0	0	0.0	0.0	0	0.0	0	1	0.0	0	0.0	1	0	0	0.0	0	0	0	0.0	NaN	0.0	0	0	0	0	0	0	0	0	0.0	0	0	0	0	0	0	0	0	0	0	0	0	0	0	0.0	0.0	0.0	0.0	0	0.0
109	1	1	1.0	1.0	1	1.0	1	0	1.0	1	1.0	0	1	1	1.0	1	1	1	1.0	NaN	1.0	1	1	1	1	1	1	1	1	1.0	1	1	1	1	1	1	1	1	1	1	1	1	1	1	1.0	1.0	1.0	1.0	1	1.0
110	1	1	1.0	1.0	1	1.0	1	0	1.0	1	1.0	0	1	1	1.0	1	1	1	1.0	NaN	1.0	1	1	1	1	1	1	1	1	1.0	1	1	1	1	1	1	1	1	1	1	1	1	1	1	1.0	NaN	1.0	1.0	1	1.0
111	0	0	0.0	0.0	0	0.0	0	0	0.0	0	0.0	0	0	0	0.0	0	0	0	0.0	0.0	0.0	0	0	0	0	0	0	0	0	0.0	0	0	1	1	0	0	0	0	0	0	0	0	0	0	0.0	0.0	0.0	0.0	0	0.0
112	1	0	0.0	0.0	0	0.0	0	0	0.0	0	0.0	0	0	0	0.0	0	0	0	0.0	0.0	0.0	0	0	0	0	0	0	0	0	0.0	0	0	0	0	0	0	0	0	0	0	0	0	0	0	0.0	0.0	0.0	0.0	0	0.0
113	1	1	1.0	1.0	1	1.0	1	0	1.0	1	1.0	0	1	1	1.0	1	1	1	1.0	NaN	1.0	1	1	1	1	1	1	1	1	1.0	1	1	1	1	1	1	1	1	1	1	1	1	1	1	1.0	NaN	1.0	1.0	1	1.0
114	0	0	0.0	0.0	0	0.0	1	0	0.0	0	0.0	0	1	0	0.0	0	1	0	0.0	NaN	0.0	0	0	0	0	0	0	0	1	1.0	1	1	0	0	0	0	0	0	0	0	0	0	0	0	0.0	0.0	0.0	0.0	0	0.0
115	1	1	1.0	1.0	1	1.0	0	0	1.0	1	1.0	0	0	0	1.0	1	0	1	1.0	NaN	NaN	1	1	1	1	1	1	1	0	0.0	0	0	0	0	1	1	1	1	1	1	0	0	1	0	0.0	1.0	1.0	1.0	1	1.0
116	1	1	1.0	1.0	1	1.0	1	0	1.0	1	1.0	0	1	1	1.0	1	1	1	1.0	1.0	1.0	1	1	1	1	1	1	1	1	1.0	1	1	1	1	1	1	1	1	1	1	1	1	1	1	1.0	1.0	1.0	1.0	1	1.0
117	0	0	0.0	0.0	0	0.0	0	0	0.0	0	0.0	1	0	0	0.0	0	0	0	0.0	NaN	0.0	0	0	0	0	0	0	0	0	0.0	0	0	0	0	0	0	0	0	0	0	0	0	0	0	0.0	0.0	0.0	NaN	0	0.0
118	1	1	1.0	1.0	1	1.0	1	0	1.0	1	1.0	0	1	1	1.0	1	1	1	1.0	NaN	1.0	1	1	1	1	1	1	1	1	1.0	1	1	1	1	1	1	1	1	1	1	1	1	1	1	1.0	NaN	1.0	1.0	1	1.0
119	1	1	1.0	1.0	1	1.0	1	0	1.0	1	1.0	0	1	1	1.0	1	1	1	1.0	NaN	1.0	1	1	1	1	1	1	1	1	1.0	1	1	1	1	1	1	1	1	1	1	1	1	1	1	1.0	NaN	1.0	1.0	1	1.0
120	0	0	0.0	0.0	0	0.0	0	1	0.0	0	0.0	1	0	0	0.0	0	0	0	0.0	0.0	NaN	0	0	0	0	0	0	0	0	0.0	0	0	0	0	0	0	0	0	0	0	0	0	0	0	0.0	0.0	0.0	0.0	0	0.0
121	1	1	1.0	1.0	1	1.0	1	0	1.0	1	1.0	0	1	1	1.0	1	1	1	1.0	NaN	1.0	1	1	1	1	1	1	1	1	1.0	1	1	1	1	1	1	1	1	1	1	1	1	1	1	1.0	NaN	1.0	1.0	1	1.0
122	0	0	0.0	0.0	0	0.0	0	0	0.0	0	0.0	0	0	0	0.0	0	0	1	0.0	0.0	0.0	0	0	0	0	0	0	0	0	0.0	0	0	0	0	0	0	0	0	0	0	0	0	0	0	0.0	0.0	0.0	0.0	0	0.0
123	0	0	0.0	0.0	0	0.0	0	1	0.0	0	0.0	0	0	0	0.0	0	0	0	0.0	NaN	0.0	0	0	0	0	0	0	0	0	0.0	0	0	0	0	0	0	0	0	0	0	0	0	0	0	0.0	0.0	0.0	0.0	0	0.0
124	0	0	0.0	0.0	0	0.0	0	0	0.0	0	0.0	1	0	0	0.0	0	0	0	0.0	0.0	0.0	0	0	0	0	0	0	0	0	0.0	0	0	0	0	0	0	0	0	0	0	0	0	0	0	0.0	NaN	0.0	0.0	0	0.0
125	1	1	1.0	1.0	1	1.0	1	0	1.0	1	1.0	0	1	1	1.0	1	1	1	1.0	NaN	1.0	1	1	1	1	1	1	1	1	1.0	1	1	1	1	1	1	1	1	1	1	1	1	1	1	1.0	NaN	1.0	1.0	1	1.0
126	1	1	1.0	1.0	1	1.0	1	0	1.0	1	1.0	0	1	1	1.0	1	1	1	1.0	1.0	1.0	1	1	1	1	1	1	1	1	1.0	1	1	1	1	1	1	1	1	1	1	1	1	1	1	1.0	1.0	1.0	1.0	1	1.0
127	0	0	0.0	0.0	0	0.0	0	1	0.0	0	0.0	1	0	0	0.0	0	0	0	0.0	0.0	NaN	0	0	0	0	0	0	0	0	0.0	0	0	0	0	0	0	0	0	0	0	0	0	0	0	0.0	0.0	0.0	0.0	0	0.0
128	0	0	0.0	0.0	0	0.0	0	0	0.0	0	0.0	0	0	0	0.0	0	0	0	0.0	0.0	0.0	0	0	0	0	0	0	0	0	0.0	0	0	1	1	0	0	0	0	0	0	0	0	0	0	0.0	0.0	0.0	0.0	0	0.0
129	0	0	0.0	0.0	0	0.0	0	0	0.0	0	0.0	0	0	0	0.0	0	0	0	0.0	0.0	0.0	0	0	0	0	0	0	0	0	0.0	0	0	1	1	0	0	0	0	0	0	0	0	0	0	0.0	0.0	0.0	0.0	0	0.0
130	0	0	0.0	0.0	0	0.0	0	0	0.0	0	0.0	0	0	1	0.0	0	0	0	0.0	0.0	1.0	0	0	0	0	0	0	0	0	0.0	0	0	0	0	0	0	0	0	0	0	0	0	0	0	0.0	0.0	0.0	0.0	0	0.0
131	1	1	1.0	1.0	1	1.0	1	0	1.0	1	1.0	0	1	1	1.0	1	1	1	1.0	NaN	1.0	1	1	1	1	1	1	1	1	1.0	1	1	1	1	1	1	1	1	1	1	1	1	1	1	1.0	NaN	1.0	1.0	1	1.0
132	0	0	0.0	0.0	0	0.0	0	0	0.0	0	0.0	0	0	1	0.0	0	0	0	0.0	0.0	1.0	0	0	0	0	0	0	0	0	0.0	0	0	0	0	0	0	0	0	0	0	0	0	0	0	0.0	0.0	0.0	0.0	0	0.0
133	0	0	0.0	0.0	0	0.0	0	0	0.0	0	0.0	0	0	0	0.0	0	0	0	0.0	NaN	1.0	0	0	0	0	0	0	0	0	0.0	0	0	0	0	0	0	0	0	0	0	0	0	0	0	0.0	0.0	0.0	0.0	0	0.0
134	1	1	1.0	1.0	1	1.0	0	0	1.0	1	1.0	0	0	1	1.0	1	0	1	1.0	NaN	1.0	1	1	1	1	1	1	1	0	0.0	0	0	0	0	1	1	1	1	1	1	0	0	1	0	0.0	1.0	1.0	1.0	1	1.0
135	1	1	1.0	1.0	1	1.0	1	0	1.0	1	1.0	0	1	1	1.0	1	1	1	1.0	1.0	1.0	1	1	1	1	1	1	1	1	1.0	1	1	1	1	1	1	1	1	1	1	1	1	1	1	1.0	1.0	1.0	1.0	1	1.0
136	1	1	1.0	1.0	1	1.0	1	0	1.0	1	1.0	0	1	1	1.0	1	1	1	1.0	NaN	NaN	1	1	1	1	1	1	1	1	1.0	1	1	1	1	1	1	1	1	1	1	1	1	1	1	1.0	1.0	1.0	1.0	1	1.0
137	0	0	0.0	0.0	0	0.0	0	1	0.0	0	0.0	1	0	0	0.0	0	0	0	0.0	0.0	0.0	0	0	0	0	0	0	0	0	0.0	0	0	0	0	0	0	0	0	0	0	0	0	0	0	0.0	0.0	0.0	0.0	0	0.0
138	1	0	0.0	0.0	0	0.0	0	0	0.0	0	0.0	0	0	0	0.0	0	0	0	0.0	0.0	0.0	0	0	0	0	0	0	0	0	0.0	0	0	0	0	0	0	0	0	0	0	0	0	0	0	0.0	0.0	0.0	0.0	0	0.0
139	1	1	1.0	1.0	1	1.0	1	0	1.0	1	1.0	0	1	1	1.0	1	1	1	1.0	NaN	NaN	1	1	1	1	1	1	1	1	1.0	1	1	1	1	1	1	1	1	1	1	1	1	1	1	1.0	1.0	1.0	1.0	1	1.0
140	0	0	0.0	0.0	0	0.0	0	0	0.0	0	0.0	0	0	0	0.0	0	0	0	0.0	NaN	1.0	0	0	0	0	0	0	0	0	0.0	0	0	0	0	0	0	0	0	0	0	0	0	0	0	0.0	0.0	0.0	0.0	0	0.0
141	1	1	1.0	NaN	1	NaN	0	0	NaN	1	NaN	0	0	0	1.0	1	0	0	1.0	NaN	0.0	1	1	1	0	0	1	1	0	0.0	0	0	0	0	1	1	0	0	0	0	0	0	1	0	0.0	1.0	1.0	1.0	1	NaN
142	0	0	0.0	0.0	0	0.0	0	1	0.0	0	0.0	1	0	0	0.0	0	0	0	0.0	0.0	NaN	0	0	0	0	0	0	0	0	0.0	0	0	0	0	0	0	0	0	0	0	0	0	0	0	0.0	0.0	0.0	0.0	0	0.0
143	1	1	1.0	1.0	1	1.0	1	0	1.0	1	1.0	0	1	1	1.0	1	1	1	1.0	1.0	1.0	1	1	1	1	1	1	1	1	1.0	1	1	1	1	1	1	1	1	1	1	1	1	1	1	1.0	1.0	1.0	1.0	1	1.0
144	1	1	1.0	1.0	1	1.0	0	0	1.0	1	1.0	0	0	1	1.0	1	0	1	1.0	1.0	1.0	1	1	1	1	1	1	1	0	0.0	0	0	0	0	1	1	1	1	1	1	0	0	1	0	0.0	1.0	1.0	1.0	1	1.0
145	1	1	1.0	1.0	1	1.0	1	0	1.0	1	1.0	0	1	1	1.0	1	1	1	1.0	NaN	NaN	1	1	1	1	1	1	1	1	1.0	1	1	1	1	1	1	1	1	1	1	1	1	1	1	1.0	1.0	1.0	1.0	1	1.0
146	1	1	1.0	1.0	1	1.0	1	0	1.0	1	1.0	0	1	1	1.0	1	1	1	1.0	NaN	1.0	1	1	1	1	1	1	1	1	1.0	1	1	1	1	1	1	1	1	1	1	1	1	1	1	1.0	NaN	1.0	1.0	1	1.0
147	1	1	1.0	1.0	1	1.0	0	0	1.0	1	1.0	0	0	0	1.0	1	0	0	1.0	NaN	0.0	1	1	1	0	0	1	1	0	0.0	0	0	0	0	1	1	0	0	0	0	0	0	1	0	0.0	1.0	1.0	1.0	1	1.0
148	1	1	1.0	1.0	1	1.0	0	0	1.0	1	1.0	0	0	1	1.0	1	0	1	1.0	1.0	1.0	1	1	1	1	1	1	1	0	0.0	0	0	0	0	1	1	1	1	1	1	0	0	1	0	0.0	1.0	1.0	1.0	1	1.0
149	1	1	1.0	1.0	1	1.0	0	0	1.0	1	1.0	0	0	0	1.0	1	0	0	1.0	1.0	0.0	1	1	1	0	0	1	1	0	0.0	0	0	0	0	1	1	0	0	0	0	0	0	1	0	0.0	1.0	1.0	1.0	1	1.0
150	1	1	1.0	1.0	1	1.0	1	0	1.0	1	1.0	0	1	1	1.0	1	1	1	1.0	1.0	1.0	1	1	1	1	1	1	1	1	1.0	1	1	1	1	1	1	1	1	1	1	1	1	1	1	1.0	1.0	1.0	1.0	1	1.0
151	0	0	0.0	0.0	0	0.0	1	0	0.0	0	0.0	0	1	0	0.0	0	1	0	0.0	NaN	NaN	0	0	0	0	0	0	0	1	1.0	1	1	1	1	0	0	0	0	0	0	1	1	0	1	1.0	NaN	0.0	0.0	0	0.0
152	0	0	0.0	0.0	0	0.0	1	0	0.0	0	0.0	0	1	0	0.0	0	1	0	0.0	0.0	0.0	0	0	0	0	0	0	0	1	1.0	1	1	1	1	0	0	0	0	0	0	1	1	0	1	1.0	0.0	0.0	0.0	0	0.0
153	0	0	0.0	0.0	0	0.0	1	0	0.0	0	0.0	0	1	0	0.0	0	1	0	0.0	NaN	0.0	0	0	0	0	0	0	0	1	1.0	1	1	0	0	0	0	0	0	0	0	0	0	0	0	0.0	0.0	0.0	0.0	0	0.0
154	0	0	0.0	0.0	0	0.0	0	1	0.0	0	0.0	1	0	0	0.0	0	0	0	0.0	NaN	0.0	0	0	0	0	0	0	0	0	0.0	0	0	0	0	0	0	0	0	0	0	0	0	0	0	0.0	0.0	0.0	0.0	0	0.0
155	0	0	0.0	0.0	0	0.0	0	1	0.0	0	0.0	1	0	0	0.0	0	0	0	0.0	0.0	NaN	0	0	0	0	0	0	0	0	0.0	0	0	0	0	0	0	0	0	0	0	0	0	0	0	0.0	0.0	0.0	0.0	0	0.0
156	1	1	1.0	1.0	1	1.0	1	0	1.0	1	1.0	0	1	1	1.0	1	1	1	1.0	NaN	1.0	1	1	1	1	1	1	1	1	1.0	1	1	1	1	1	1	1	1	1	1	1	1	1	1	1.0	NaN	1.0	1.0	1	1.0
157	0	0	0.0	0.0	0	0.0	1	0	0.0	0	0.0	0	1	0	0.0	0	1	0	0.0	0.0	0.0	0	0	0	0	0	0	0	1	1.0	1	1	1	1	0	0	0	0	0	0	1	1	0	1	1.0	0.0	0.0	0.0	0	0.0
158	1	1	1.0	1.0	1	1.0	1	0	1.0	1	1.0	0	1	1	1.0	1	1	1	1.0	NaN	1.0	1	1	1	1	1	1	1	1	1.0	1	1	1	1	1	1	1	1	1	1	1	1	1	1	1.0	1.0	1.0	1.0	1	1.0
159	0	0	0.0	0.0	0	0.0	0	0	0.0	0	0.0	1	0	0	0.0	0	0	0	0.0	0.0	0.0	0	0	0	0	0	0	0	0	0.0	0	0	0	0	0	0	0	0	0	0	0	0	0	0	0.0	0.0	0.0	0.0	0	0.0
160	1	1	1.0	1.0	1	1.0	1	0	1.0	1	1.0	0	1	1	1.0	1	1	1	1.0	1.0	1.0	1	1	1	1	1	1	1	1	1.0	1	1	1	1	1	1	1	1	1	1	1	1	1	1	1.0	1.0	1.0	1.0	1	1.0
161	1	1	1.0	1.0	1	1.0	1	0	1.0	1	1.0	0	1	1	1.0	1	1	1	1.0	1.0	1.0	1	1	1	1	1	1	1	1	1.0	1	1	1	1	1	1	1	1	1	1	1	1	1	1	1.0	1.0	1.0	1.0	1	1.0
162	0	0	0.0	0.0	1	0.0	0	0	0.0	0	0.0	0	0	0	0.0	0	0	0	0.0	0.0	0.0	0	0	0	0	0	0	0	0	0.0	0	0	0	0	0	0	0	0	0	0	0	0	0	0	0.0	0.0	0.0	NaN	0	0.0
163	1	1	1.0	1.0	1	1.0	1	0	1.0	1	1.0	0	1	1	1.0	1	1	1	1.0	NaN	1.0	1	1	1	1	1	1	1	1	1.0	1	1	1	1	1	1	1	1	1	1	1	1	1	1	1.0	NaN	1.0	1.0	1	1.0
164	1	1	1.0	1.0	1	1.0	1	0	1.0	1	1.0	0	1	1	1.0	1	1	1	1.0	1.0	1.0	1	1	1	1	1	1	1	1	1.0	1	1	1	1	1	1	1	1	1	1	1	1	1	1	1.0	1.0	1.0	1.0	1	1.0
165	1	0	0.0	0.0	0	0.0	0	0	0.0	0	0.0	0	0	0	0.0	0	0	0	0.0	0.0	0.0	0	0	0	0	0	0	0	0	0.0	0	0	0	0	0	0	0	0	0	0	0	0	0	0	0.0	0.0	0.0	0.0	0	0.0
166	0	0	0.0	0.0	0	0.0	0	0	0.0	0	0.0	0	0	0	0.0	0	0	0	0.0	NaN	1.0	0	0	0	0	0	0	0	0	0.0	0	0	0	0	0	0	0	0	0	0	0	0	0	0	0.0	0.0	0.0	0.0	0	0.0
167	1	1	1.0	1.0	1	1.0	1	0	1.0	1	1.0	0	1	1	1.0	1	1	1	1.0	1.0	1.0	1	1	1	1	1	1	1	1	1.0	1	1	1	1	1	1	1	1	1	1	1	1	1	1	1.0	1.0	1.0	1.0	1	1.0
168	0	0	0.0	0.0	0	0.0	0	0	0.0	0	0.0	0	0	0	0.0	0	0	0	0.0	NaN	1.0	0	0	0	0	0	0	0	0	0.0	0	0	0	0	0	0	0	0	0	0	0	0	0	0	0.0	0.0	0.0	0.0	0	0.0
169	0	0	0.0	0.0	0	0.0	0	1	0.0	0	0.0	0	0	0	0.0	0	0	0	0.0	NaN	0.0	0	0	0	0	0	0	0	0	0.0	0	0	0	0	0	0	0	0	0	0	0	0	0	0	0.0	0.0	0.0	0.0	0	0.0
170	1	1	1.0	1.0	1	1.0	1	0	1.0	1	1.0	0	1	1	1.0	1	1	1	1.0	NaN	1.0	1	1	1	1	1	1	1	1	1.0	1	1	1	1	1	1	1	1	1	1	1	1	1	1	1.0	NaN	1.0	1.0	1	1.0
171	1	1	1.0	1.0	1	1.0	1	0	1.0	1	1.0	0	1	1	1.0	1	1	1	1.0	NaN	1.0	1	1	1	1	1	1	1	1	1.0	1	1	1	1	1	1	1	1	1	1	1	1	1	1	1.0	NaN	1.0	1.0	1	1.0
172	0	0	0.0	0.0	0	0.0	0	1	0.0	0	0.0	1	0	0	0.0	0	0	0	0.0	NaN	0.0	0	0	0	0	0	0	0	0	0.0	0	0	0	0	0	0	0	0	0	0	0	0	0	0	0.0	0.0	0.0	0.0	0	0.0
173	1	1	1.0	1.0	1	1.0	1	0	1.0	1	1.0	0	1	1	1.0	1	1	1	1.0	NaN	1.0	1	1	1	1	1	1	1	1	1.0	1	1	1	1	1	1	1	1	1	1	1	1	1	1	1.0	NaN	1.0	1.0	1	1.0
174	0	0	0.0	0.0	0	0.0	0	1	0.0	0	0.0	1	0	0	0.0	0	0	0	0.0	0.0	NaN	0	0	0	0	0	0	0	0	0.0	0	0	0	0	0	0	0	0	0	0	0	0	0	0	0.0	0.0	0.0	0.0	0	0.0
175	0	0	0.0	0.0	0	0.0	0	0	0.0	0	0.0	0	0	0	0.0	0	0	0	0.0	0.0	0.0	0	0	0	0	0	0	0	0	0.0	0	0	1	1	0	0	0	0	0	0	0	0	0	0	0.0	0.0	0.0	0.0	0	0.0
176	0	0	0.0	0.0	0	0.0	0	0	0.0	0	0.0	0	0	0	0.0	0	0	1	0.0	0.0	0.0	0	0	0	0	0	0	0	0	0.0	0	0	0	0	0	0	0	0	0	0	0	0	0	0	0.0	0.0	0.0	0.0	0	0.0
177	1	1	1.0	1.0	1	1.0	1	0	1.0	1	1.0	0	1	1	1.0	1	1	1	1.0	NaN	NaN	1	1	1	1	1	1	1	1	1.0	1	1	1	1	1	1	1	1	1	1	1	1	1	1	1.0	1.0	1.0	1.0	1	1.0
178	0	0	0.0	0.0	0	0.0	1	0	0.0	0	0.0	0	1	0	0.0	0	1	0	0.0	NaN	NaN	0	0	0	0	0	0	0	1	1.0	1	1	1	1	0	0	0	0	0	0	1	1	0	1	1.0	NaN	0.0	0.0	0	0.0
179	1	0	0.0	0.0	0	0.0	0	0	0.0	0	0.0	0	0	0	0.0	0	0	0	0.0	0.0	0.0	0	0	0	0	0	0	0	0	0.0	0	0	0	0	0	0	0	0	0	0	0	0	0	0	0.0	0.0	0.0	0.0	0	0.0
180	1	1	1.0	1.0	1	1.0	1	0	1.0	1	1.0	0	1	1	1.0	1	1	1	1.0	NaN	1.0	1	1	1	1	1	1	1	1	1.0	1	1	1	1	1	1	1	1	1	1	1	1	1	1	1.0	NaN	1.0	1.0	1	1.0
181	0	0	0.0	0.0	0	0.0	0	0	0.0	0	0.0	1	0	0	0.0	0	0	0	0.0	0.0	0.0	0	0	0	0	0	0	0	0	0.0	0	0	0	0	0	0	0	0	0	0	0	0	0	0	0.0	0.0	0.0	0.0	0	0.0
182	1	1	1.0	1.0	1	1.0	1	0	1.0	1	1.0	0	1	1	1.0	1	1	1	1.0	NaN	1.0	1	1	1	1	1	1	1	1	1.0	1	1	1	1	1	1	1	1	1	1	1	1	1	1	1.0	NaN	1.0	1.0	1	1.0
183	1	1	1.0	1.0	1	1.0	1	0	1.0	1	1.0	0	1	1	1.0	1	1	1	1.0	NaN	1.0	1	1	1	1	1	1	1	1	1.0	1	1	1	1	1	1	1	1	1	1	1	1	1	1	1.0	NaN	1.0	1.0	1	1.0
184	1	1	1.0	1.0	1	1.0	1	0	1.0	1	1.0	0	1	1	1.0	1	1	1	1.0	NaN	1.0	1	1	1	1	1	1	1	1	1.0	1	1	1	1	1	1	1	1	1	1	1	1	1	1	1.0	NaN	1.0	1.0	1	1.0
185	0	0	0.0	0.0	0	0.0	0	0	0.0	0	0.0	1	0	0	0.0	0	0	0	0.0	NaN	0.0	0	0	0	0	0	0	0	0	0.0	0	0	0	0	0	0	0	0	0	0	0	0	0	0	0.0	0.0	0.0	NaN	0	0.0
186	0	0	0.0	0.0	0	0.0	0	1	0.0	0	0.0	1	0	0	0.0	0	0	0	0.0	0.0	0.0	0	0	0	0	0	0	0	0	0.0	0	0	0	0	0	0	0	0	0	0	0	0	0	0	0.0	0.0	0.0	0.0	0	0.0
187	0	0	0.0	0.0	0	0.0	0	1	0.0	0	0.0	0	0	0	0.0	0	0	0	0.0	NaN	0.0	0	0	0	0	0	0	0	0	0.0	0	0	0	0	0	0	0	0	0	0	0	0	0	0	0.0	0.0	0.0	0.0	0	0.0
188	0	0	0.0	0.0	0	0.0	1	0	0.0	0	0.0	0	1	0	0.0	0	1	0	0.0	NaN	NaN	0	0	0	0	0	0	0	1	1.0	1	1	1	1	0	0	0	0	0	0	1	1	0	1	1.0	NaN	0.0	0.0	0	0.0
189	1	1	1.0	1.0	1	1.0	0	0	1.0	1	1.0	0	0	0	1.0	1	0	0	1.0	NaN	0.0	1	1	1	0	0	1	1	0	0.0	0	0	0	0	1	1	0	0	0	0	0	0	1	0	0.0	1.0	1.0	1.0	1	1.0
190	0	0	0.0	0.0	0	0.0	1	0	0.0	0	0.0	0	1	0	0.0	0	1	0	0.0	NaN	0.0	0	0	0	0	0	0	0	1	1.0	1	1	1	1	0	0	0	0	0	0	1	1	0	1	1.0	0.0	0.0	0.0	0	0.0
191	0	0	0.0	0.0	0	0.0	0	0	0.0	0	0.0	0	0	0	0.0	0	0	0	0.0	0.0	0.0	0	0	0	0	0	0	0	0	0.0	0	0	1	1	0	0	0	0	0	0	0	0	0	0	0.0	0.0	0.0	0.0	0	0.0
192	0	0	0.0	0.0	0	0.0	1	0	0.0	0	0.0	0	1	0	0.0	0	1	0	0.0	0.0	0.0	0	0	0	0	0	0	0	1	1.0	1	1	1	1	0	0	0	0	0	0	1	1	0	1	1.0	0.0	0.0	0.0	0	0.0
