	SRR2352185	SRR2352187	SRR2352188	SRR2352189	SRR2352190	SRR2352192	SRR2352193	SRR2352194	SRR2352195	SRR2352196	SRR2352198	SRR2352199	SRR2352200	SRR2352202	SRR2352203	SRR2352205	SRR2352206	SRR2352207	SRR2352208	SRR2352209	SRR2352210	SRR2352211	SRR2352212	SRR2352219	SRR2352220	SRR2352221	SRR2352222	SRR2352223	SRR2352224	SRR2352227	SRR2352230	SRR2352231	SRR2352232	SRR2352233	SRR2352234	SRR2352186	PNUSAS000080	PNUSAS000090	PNUSAS000106	PNUSAS000145	PNUSAS000162	PNUSAS000168	PNUSAS000169	PNUSAS000170	PNUSAS000171	PNUSAS000192	PNUSAS000197	PNUSAS000198	PNUSAS000218	PNUSAS000233	PNUSAS000250	PNUSAS000253	PNUSAS000287	PNUSAS000293	PNUSAS000294	PNUSAS000346	PNUSAS000362	PNUSAS000398	PNUSAS000410	PNUSAS000411	PNUSAS000412	PNUSAS000413	PNUSAS000414	PNUSAS000415	PNUSAS000416	PNUSAS000417	PNUSAS000418	PNUSAS000419	PNUSAS000420	PNUSAS000421	PNUSAS000462	PNUSAS000470	PNUSAS000473	PNUSAS000476	PNUSAS000478	PNUSAS000482	PNUSAS000490	PNUSAS000491	PNUSAS000492	PNUSAS000493	PNUSAS000495	PNUSAS000514	PNUSAS000525	PNUSAS000526	PNUSAS000583	PNUSAS000614	PNUSAS000636	PNUSAS000637	PNUSAS000641	PNUSAS000645	PNUSAS000650	PNUSAS000655	PNUSAS000656	PNUSAS000659	PNUSAS000660	PNUSAS000661	PNUSAS000664	PNUSAS000665	PNUSAS000668	PNUSAS000669	PNUSAS000691	PNUSAS000694	PNUSAS000699	PNUSAS000702	PNUSAS000704	PNUSAS000705	PNUSAS000755	PNUSAS000800	PNUSAS000801	PNUSAS000802	PNUSAS000803	PNUSAS000804	PNUSAS000806
0	0	0	0.0	0	0.0	0	1.0	0.0	0	0	0	0	0	0	0	0	0	0.0	0.0	0	0	0	0	0	0	0	0	0	0	0	0	0	0	0	0	0	0	0	0	0	0.0	0.0	0	0	0.0	0	0.0	0	0	0	0	0	0	0	0	0	0	0	0.0	0.0	0	0	0.0	0.0	0.0	0.0	0.0	0.0	0.0	0.0	0	0	0	0	0	0.0	0	0.0	0	0.0	0	0	0	0	0	0.0	0	0.0	0	0	0	0	0	0.0	0	0	0	0	0	0.0	0	0	0	0	0	0	0.0	0.0	0.0	0.0	0	0	0.0
1	0	0	0.0	0	0.0	0	0.0	0.0	0	0	0	0	0	0	0	0	0	0.0	0.0	0	0	0	0	0	0	0	0	0	0	0	0	0	0	0	0	0	0	1	0	0	NaN	NaN	0	0	NaN	0	NaN	0	0	0	0	0	0	0	0	0	0	0	0.0	0.0	0	0	0.0	0.0	0.0	0.0	0.0	0.0	0.0	NaN	0	0	0	0	0	NaN	0	NaN	0	0.0	0	0	0	0	0	NaN	0	NaN	0	0	0	0	0	NaN	0	0	0	0	0	NaN	0	0	0	0	0	0	0.0	NaN	NaN	NaN	0	0	NaN
2	0	0	0.0	0	0.0	0	0.0	0.0	0	0	0	0	0	0	0	0	0	0.0	0.0	0	0	0	0	0	0	0	0	0	0	0	0	0	0	0	0	0	0	0	0	0	0.0	0.0	0	0	0.0	0	0.0	0	0	0	0	0	0	0	0	0	0	0	0.0	0.0	0	0	0.0	0.0	0.0	0.0	0.0	0.0	0.0	0.0	0	0	0	0	0	0.0	0	0.0	0	0.0	0	0	0	0	0	0.0	0	0.0	0	0	0	0	0	0.0	0	0	0	0	0	0.0	0	0	0	0	1	0	0.0	0.0	0.0	0.0	0	0	0.0
3	0	0	0.0	1	0.0	0	0.0	0.0	0	0	0	0	0	0	0	0	0	0.0	1.0	0	0	0	0	0	0	0	0	0	0	0	0	0	0	0	0	0	0	0	0	0	0.0	0.0	0	0	0.0	0	0.0	0	0	0	0	0	0	0	0	0	0	0	0.0	0.0	0	0	0.0	0.0	0.0	0.0	0.0	0.0	NaN	0.0	0	0	0	0	0	0.0	0	0.0	0	0.0	0	0	0	0	0	0.0	0	0.0	0	0	0	0	0	0.0	0	0	0	0	0	0.0	0	0	0	0	0	0	0.0	0.0	0.0	0.0	1	0	0.0
4	0	0	0.0	0	0.0	0	0.0	0.0	0	0	0	0	0	0	0	0	0	0.0	0.0	0	0	0	0	0	0	0	0	0	0	0	0	0	0	0	0	0	0	0	0	0	0.0	0.0	0	1	0.0	0	0.0	0	0	0	0	0	0	0	0	0	0	0	0.0	0.0	0	0	0.0	0.0	0.0	0.0	0.0	0.0	0.0	0.0	0	1	0	0	0	0.0	0	0.0	0	0.0	0	0	0	0	0	0.0	0	0.0	0	0	0	0	0	0.0	0	1	0	0	1	0.0	0	1	0	0	0	1	0.0	0.0	0.0	0.0	0	0	0.0
5	0	0	0.0	0	0.0	0	0.0	0.0	0	0	0	0	0	0	0	0	0	0.0	0.0	0	0	0	0	0	0	0	0	0	0	0	0	0	0	0	0	0	0	0	0	0	0.0	0.0	0	0	0.0	0	0.0	0	0	0	0	0	1	0	0	0	0	0	0.0	0.0	0	0	0.0	0.0	0.0	0.0	0.0	0.0	0.0	0.0	0	0	0	0	0	0.0	0	0.0	0	0.0	0	0	0	0	0	0.0	0	0.0	0	0	0	0	0	0.0	0	0	0	0	0	0.0	0	0	0	0	0	0	0.0	0.0	0.0	0.0	0	0	0.0
6	0	0	0.0	0	0.0	0	0.0	0.0	0	0	0	0	0	0	0	0	0	0.0	0.0	0	0	0	0	0	0	0	0	0	0	0	0	0	0	0	0	0	0	0	0	0	1.0	1.0	1	0	1.0	0	1.0	0	0	0	0	0	0	1	0	1	0	0	0.0	0.0	0	0	0.0	0.0	0.0	0.0	0.0	0.0	1.0	1.0	1	0	0	1	0	1.0	0	1.0	0	0.0	1	1	1	0	0	1.0	1	1.0	1	1	0	0	1	1.0	0	0	0	0	0	1.0	0	0	0	0	0	0	0.0	1.0	1.0	1.0	0	0	1.0
7	0	0	0.0	0	0.0	0	0.0	0.0	0	0	0	0	0	0	0	0	0	0.0	0.0	0	0	0	0	0	0	0	0	0	0	0	0	0	0	0	0	0	0	0	0	0	0.0	0.0	0	0	0.0	0	0.0	0	0	0	1	0	0	0	0	0	0	0	0.0	0.0	0	0	0.0	0.0	0.0	0.0	0.0	0.0	0.0	0.0	0	0	0	0	0	0.0	0	0.0	0	0.0	0	0	0	0	0	0.0	0	0.0	0	0	0	0	0	0.0	0	0	0	0	0	0.0	0	0	0	0	0	0	0.0	0.0	0.0	0.0	0	0	0.0
8	0	0	0.0	0	0.0	1	0.0	0.0	0	1	0	0	0	0	0	0	0	0.0	0.0	0	0	0	0	0	0	0	0	0	0	0	0	0	0	0	0	0	0	0	0	0	0.0	0.0	0	0	0.0	0	0.0	0	0	0	0	0	0	0	0	0	0	0	0.0	0.0	0	0	0.0	0.0	0.0	0.0	0.0	0.0	0.0	0.0	0	0	0	0	0	0.0	0	0.0	0	0.0	0	0	0	0	0	0.0	0	0.0	0	0	0	0	0	0.0	0	0	0	0	0	0.0	0	0	0	0	0	0	0.0	0.0	0.0	0.0	0	0	0.0
9	0	0	0.0	0	0.0	0	0.0	0.0	0	0	0	0	0	0	0	0	0	0.0	0.0	0	0	0	0	0	0	0	0	0	0	0	0	0	0	0	0	0	0	0	0	0	1.0	1.0	1	1	1.0	0	1.0	1	0	0	0	0	0	1	0	1	0	1	0.0	1.0	1	1	0.0	1.0	1.0	1.0	1.0	1.0	1.0	1.0	1	1	0	1	0	1.0	0	1.0	1	1.0	1	1	1	0	0	1.0	1	1.0	1	1	1	1	1	1.0	1	1	0	1	1	1.0	1	1	1	0	0	1	0.0	1.0	1.0	1.0	0	1	1.0
10	0	0	0.0	0	0.0	1	0.0	0.0	0	1	0	0	0	0	0	0	0	0.0	0.0	0	0	0	0	0	0	0	0	0	0	0	0	0	0	0	0	0	0	0	0	0	0.0	0.0	0	0	0.0	0	0.0	0	0	0	0	0	0	0	0	0	0	0	0.0	0.0	0	0	0.0	0.0	0.0	0.0	0.0	0.0	0.0	0.0	0	0	0	0	0	0.0	0	0.0	0	0.0	0	0	0	0	0	0.0	0	0.0	0	0	0	0	0	0.0	0	0	0	0	0	0.0	0	0	0	0	0	0	0.0	0.0	0.0	0.0	0	0	0.0
11	0	0	0.0	0	0.0	0	0.0	0.0	0	0	0	0	0	0	0	0	0	0.0	0.0	0	0	0	0	0	0	0	0	0	0	0	0	0	0	0	0	0	0	0	0	1	0.0	0.0	0	0	0.0	0	0.0	0	0	0	0	0	0	0	0	0	0	0	0.0	0.0	0	0	0.0	0.0	0.0	0.0	0.0	0.0	0.0	0.0	0	0	0	0	0	0.0	0	0.0	0	0.0	0	0	0	0	0	0.0	0	0.0	0	0	0	0	0	0.0	0	0	0	0	0	0.0	0	0	0	0	0	0	0.0	0.0	0.0	0.0	0	0	0.0
12	0	0	0.0	0	0.0	1	0.0	0.0	0	1	0	0	0	0	0	0	0	0.0	0.0	0	0	0	0	0	0	0	0	0	0	0	0	0	0	0	0	0	0	0	0	0	0.0	0.0	0	0	0.0	0	0.0	0	0	0	0	0	0	0	0	0	0	0	0.0	0.0	0	0	0.0	0.0	0.0	0.0	0.0	0.0	0.0	0.0	0	0	0	0	0	0.0	0	0.0	0	0.0	0	0	0	0	0	0.0	0	0.0	0	0	0	0	0	0.0	0	0	0	0	0	0.0	0	0	0	0	0	0	0.0	0.0	0.0	0.0	0	0	0.0
13	0	0	0.0	0	0.0	0	0.0	0.0	0	0	0	0	0	0	0	0	0	0.0	0.0	0	0	0	0	0	0	0	0	0	0	0	0	0	0	0	0	0	0	0	1	0	0.0	0.0	0	0	0.0	0	0.0	0	0	0	0	0	0	0	0	0	0	0	0.0	0.0	0	0	0.0	0.0	0.0	0.0	0.0	0.0	0.0	0.0	0	0	0	0	0	0.0	0	0.0	0	0.0	0	0	0	0	0	0.0	0	0.0	0	0	0	0	0	0.0	0	0	0	0	0	0.0	0	0	0	0	0	0	0.0	0.0	0.0	0.0	0	0	0.0
14	0	0	0.0	0	0.0	0	0.0	0.0	0	0	0	1	0	0	0	0	0	0.0	0.0	0	0	0	0	0	0	0	0	0	0	0	0	0	0	0	0	0	0	0	0	0	0.0	0.0	0	0	0.0	0	0.0	0	0	0	0	0	0	0	0	0	0	0	0.0	0.0	0	0	0.0	0.0	0.0	0.0	0.0	0.0	0.0	0.0	0	0	0	0	0	0.0	0	0.0	0	0.0	0	0	0	0	0	0.0	0	0.0	0	0	0	0	0	0.0	0	0	0	0	0	0.0	0	0	0	0	0	0	0.0	0.0	0.0	0.0	0	0	0.0
15	0	0	0.0	0	0.0	0	0.0	0.0	0	0	0	0	0	0	0	0	0	0.0	0.0	0	0	0	0	0	0	0	0	0	0	0	0	0	0	0	0	0	0	0	0	0	0.0	0.0	0	0	0.0	0	0.0	0	0	0	0	0	0	0	0	0	0	0	0.0	1.0	0	0	0.0	0.0	0.0	0.0	0.0	0.0	0.0	0.0	0	0	0	0	0	0.0	0	0.0	0	0.0	0	0	0	0	0	0.0	0	0.0	0	0	0	0	0	0.0	0	0	0	0	0	0.0	0	0	0	0	0	0	0.0	0.0	0.0	0.0	0	0	0.0
16	0	0	0.0	0	0.0	0	0.0	0.0	0	0	0	0	0	0	0	0	0	0.0	0.0	0	0	0	0	0	0	0	0	0	0	0	0	0	0	0	0	0	0	0	0	0	0.0	0.0	0	1	0.0	0	0.0	0	0	0	0	0	0	0	0	0	0	0	0.0	0.0	0	0	0.0	0.0	0.0	0.0	0.0	0.0	0.0	0.0	0	1	0	0	0	0.0	0	0.0	1	1.0	0	0	0	0	0	0.0	0	0.0	0	0	0	0	0	0.0	0	1	0	0	1	0.0	0	1	0	0	0	1	0.0	0.0	0.0	0.0	0	0	0.0
17	0	0	0.0	0	0.0	0	0.0	0.0	0	0	0	0	0	0	0	0	0	0.0	0.0	0	0	0	0	0	0	0	0	0	0	0	0	0	0	0	0	0	0	0	0	0	0.0	0.0	0	0	0.0	0	0.0	0	0	0	0	0	0	0	0	0	0	0	0.0	0.0	0	0	0.0	0.0	0.0	0.0	0.0	0.0	0.0	0.0	0	0	0	0	0	0.0	0	0.0	0	0.0	0	0	0	0	0	0.0	0	0.0	0	0	0	0	0	0.0	0	0	0	0	0	0.0	0	0	0	0	0	0	1.0	0.0	0.0	0.0	0	0	0.0
18	0	0	NaN	0	NaN	0	NaN	0.0	0	0	0	0	0	0	0	0	0	0.0	0.0	0	0	0	0	0	0	0	0	0	0	0	0	0	0	0	0	0	0	0	0	0	1.0	1.0	1	0	1.0	0	1.0	0	0	0	0	0	0	1	0	0	0	0	0.0	NaN	0	0	0.0	0.0	NaN	0.0	NaN	0.0	1.0	1.0	1	0	0	1	0	1.0	0	1.0	0	NaN	1	0	0	0	0	1.0	1	1.0	1	1	0	0	1	1.0	0	0	0	0	0	1.0	0	0	0	0	0	0	0.0	1.0	1.0	1.0	0	0	1.0
19	0	0	0.0	0	0.0	0	0.0	0.0	0	0	0	0	0	0	0	0	0	0.0	0.0	0	0	0	0	0	0	0	0	0	0	0	0	1	0	0	0	0	0	0	0	0	0.0	0.0	0	0	0.0	0	0.0	0	0	0	0	0	0	0	0	0	0	0	0.0	0.0	0	0	0.0	0.0	0.0	0.0	0.0	0.0	0.0	0.0	0	0	0	0	0	0.0	0	0.0	0	0.0	0	0	0	0	0	0.0	0	0.0	0	0	0	0	0	0.0	0	0	0	0	0	0.0	0	0	0	0	0	0	0.0	0.0	0.0	0.0	0	0	0.0
20	0	0	0.0	0	0.0	0	0.0	0.0	0	0	0	0	0	0	0	0	0	0.0	0.0	0	0	0	0	0	0	0	0	0	0	0	0	0	0	0	0	0	0	1	0	0	0.0	0.0	0	0	0.0	0	0.0	0	0	0	0	0	0	0	0	0	0	0	0.0	0.0	0	0	0.0	0.0	0.0	0.0	0.0	0.0	0.0	0.0	0	0	0	0	0	0.0	0	0.0	0	0.0	0	0	0	0	0	0.0	0	0.0	0	0	0	0	0	0.0	0	0	0	0	0	0.0	0	0	0	0	0	0	0.0	0.0	0.0	0.0	0	0	0.0
21	0	0	0.0	0	0.0	0	0.0	0.0	0	0	0	0	0	0	0	0	0	0.0	0.0	0	0	0	0	0	0	0	0	0	0	0	0	0	0	0	0	0	0	0	1	0	0.0	0.0	0	0	0.0	0	0.0	0	0	0	0	0	0	0	0	0	0	0	0.0	0.0	0	0	0.0	0.0	0.0	0.0	0.0	0.0	0.0	0.0	0	0	0	0	0	0.0	0	0.0	0	0.0	0	0	0	0	0	0.0	0	0.0	0	0	0	0	0	0.0	0	0	0	0	0	0.0	0	0	0	0	0	0	0.0	0.0	0.0	0.0	0	0	0.0
22	0	0	0.0	0	0.0	0	0.0	0.0	0	0	0	0	0	0	0	0	0	0.0	0.0	0	0	0	0	0	0	0	0	0	0	0	0	0	0	0	0	0	0	0	0	0	0.0	0.0	0	0	0.0	0	0.0	0	0	0	0	0	0	0	0	0	0	0	0.0	0.0	0	0	0.0	0.0	0.0	0.0	0.0	0.0	0.0	0.0	0	0	0	0	0	1.0	0	0.0	0	0.0	0	0	0	0	0	0.0	0	0.0	0	0	0	0	0	0.0	0	0	0	0	0	0.0	0	0	0	0	0	0	0.0	0.0	0.0	0.0	0	0	0.0
23	0	0	0.0	0	0.0	0	0.0	0.0	0	0	0	0	0	0	0	0	0	0.0	0.0	0	0	0	0	0	0	0	0	0	0	0	0	0	0	0	0	0	0	0	0	0	0.0	0.0	0	0	0.0	0	0.0	0	0	0	0	0	0	0	0	0	0	0	0.0	0.0	0	0	0.0	0.0	0.0	0.0	0.0	0.0	0.0	0.0	0	0	0	0	0	0.0	0	0.0	0	0.0	0	0	0	0	0	0.0	0	0.0	0	0	0	0	0	0.0	0	0	0	0	0	0.0	0	0	0	0	0	0	0.0	0.0	0.0	0.0	0	0	1.0
24	0	0	0.0	0	0.0	0	0.0	0.0	0	0	0	0	0	0	0	0	0	0.0	0.0	0	0	0	0	0	0	0	0	0	0	0	0	0	0	0	0	0	0	0	0	1	0.0	0.0	0	0	0.0	0	0.0	0	1	0	0	0	0	0	0	0	0	0	0.0	0.0	0	0	0.0	0.0	0.0	0.0	0.0	0.0	0.0	0.0	0	0	0	0	0	0.0	1	0.0	0	0.0	0	0	0	0	0	0.0	0	0.0	0	0	0	0	0	0.0	0	0	0	0	0	0.0	0	0	0	0	0	0	0.0	0.0	0.0	0.0	0	0	0.0
25	1	1	1.0	1	1.0	0	1.0	1.0	1	0	1	1	1	1	1	1	1	1.0	1.0	1	1	1	1	1	1	1	1	1	1	1	1	1	1	1	1	1	0	0	0	0	0.0	0.0	0	0	0.0	0	0.0	0	0	0	0	0	0	0	0	0	0	0	0.0	0.0	0	0	0.0	0.0	0.0	0.0	0.0	0.0	0.0	0.0	0	0	0	0	0	0.0	0	0.0	0	0.0	0	0	0	0	0	0.0	0	0.0	0	0	0	0	0	0.0	0	0	0	0	0	0.0	0	0	0	0	0	0	0.0	0.0	0.0	0.0	0	0	0.0
26	0	0	0.0	0	0.0	0	0.0	0.0	0	0	0	0	0	0	0	0	0	0.0	0.0	0	0	0	0	0	0	0	0	0	0	0	0	0	0	0	0	0	0	0	0	0	0.0	0.0	0	0	0.0	0	0.0	0	0	0	1	0	0	0	0	0	0	0	0.0	0.0	0	0	0.0	0.0	0.0	0.0	0.0	0.0	0.0	0.0	0	0	0	0	0	0.0	0	0.0	0	0.0	0	0	0	0	0	0.0	0	0.0	0	0	0	0	0	0.0	0	0	0	0	0	0.0	0	0	0	0	0	0	0.0	0.0	0.0	0.0	0	0	0.0
27	0	0	0.0	0	0.0	0	0.0	0.0	0	0	0	0	0	0	0	0	0	0.0	0.0	0	0	0	0	0	0	0	0	0	0	0	0	0	0	0	0	0	0	0	0	0	0.0	0.0	0	0	0.0	0	0.0	0	0	0	0	0	0	0	0	0	0	0	0.0	0.0	0	0	NaN	0.0	0.0	0.0	0.0	0.0	0.0	0.0	0	0	0	0	0	0.0	0	0.0	0	0.0	0	0	0	0	0	0.0	0	0.0	0	0	1	1	0	0.0	1	0	0	0	0	0.0	0	0	0	0	0	0	0.0	0.0	0.0	0.0	0	1	0.0
28	0	0	0.0	0	0.0	0	0.0	0.0	0	0	0	0	0	0	0	0	0	0.0	0.0	0	0	0	0	0	0	0	0	0	0	0	0	0	0	0	0	0	0	0	0	0	0.0	0.0	0	0	0.0	0	0.0	0	0	0	0	0	0	0	0	0	0	0	0.0	0.0	0	0	0.0	0.0	0.0	0.0	0.0	0.0	0.0	0.0	0	0	0	0	0	0.0	0	0.0	0	0.0	0	0	0	1	0	0.0	0	0.0	0	0	0	0	0	0.0	0	0	0	0	0	0.0	0	0	0	0	0	0	0.0	0.0	0.0	0.0	0	0	0.0
29	0	0	0.0	0	0.0	0	NaN	0.0	0	0	0	0	0	0	0	0	0	0.0	0.0	0	0	0	0	0	0	0	0	0	0	0	0	0	0	0	0	0	0	0	0	0	0.0	0.0	0	0	0.0	0	0.0	0	0	1	0	0	0	0	0	0	0	0	0.0	NaN	0	0	0.0	0.0	0.0	0.0	0.0	0.0	0.0	0.0	0	0	0	0	0	0.0	0	0.0	0	0.0	0	0	0	0	0	0.0	0	0.0	0	0	0	0	0	0.0	0	0	0	0	0	0.0	0	0	0	0	0	0	0.0	0.0	0.0	0.0	0	0	0.0
30	0	0	0.0	0	0.0	0	0.0	0.0	0	1	0	0	0	0	0	0	0	0.0	0.0	0	0	0	0	0	0	0	0	0	0	0	0	0	0	0	0	0	0	0	0	0	0.0	0.0	0	0	0.0	0	0.0	0	0	0	0	0	0	0	0	0	0	0	0.0	0.0	0	0	0.0	0.0	0.0	0.0	0.0	0.0	0.0	0.0	0	0	0	0	0	0.0	0	0.0	0	0.0	0	0	0	0	0	0.0	0	0.0	0	0	0	0	0	0.0	0	0	0	0	0	0.0	0	0	0	0	0	0	0.0	0.0	0.0	0.0	0	0	0.0
31	0	0	0.0	0	0.0	0	0.0	0.0	0	0	0	0	0	0	0	0	0	0.0	0.0	0	0	0	0	0	0	0	0	0	0	0	0	0	0	0	0	0	0	1	0	0	0.0	0.0	0	0	0.0	0	0.0	0	0	0	0	0	0	0	0	0	0	0	0.0	0.0	0	0	0.0	0.0	0.0	0.0	0.0	0.0	0.0	0.0	0	0	0	0	0	0.0	0	0.0	0	0.0	0	0	0	0	0	0.0	0	0.0	0	0	0	0	0	0.0	0	0	0	0	0	0.0	0	0	0	0	0	0	0.0	0.0	0.0	0.0	0	0	0.0
32	0	0	0.0	0	0.0	0	0.0	0.0	0	0	0	0	0	1	0	0	0	0.0	0.0	0	0	0	0	0	0	0	0	0	0	0	0	0	0	0	0	0	0	0	0	0	0.0	0.0	0	0	0.0	0	0.0	0	0	0	0	0	0	0	0	0	0	0	0.0	0.0	0	0	0.0	0.0	0.0	0.0	0.0	0.0	0.0	0.0	0	0	0	0	0	0.0	0	0.0	0	0.0	0	0	0	0	0	0.0	0	0.0	0	0	0	0	0	0.0	0	0	0	0	0	0.0	0	0	0	0	0	0	0.0	0.0	0.0	0.0	0	0	0.0
33	0	0	0.0	0	0.0	0	0.0	0.0	0	0	0	0	0	0	0	0	0	0.0	0.0	0	0	0	0	0	0	0	0	0	0	0	0	0	0	0	0	0	0	0	0	0	1.0	1.0	1	1	1.0	1	1.0	1	0	0	0	1	0	1	1	1	1	1	1.0	1.0	1	1	1.0	1.0	1.0	1.0	1.0	1.0	1.0	1.0	1	1	1	1	1	1.0	0	1.0	1	1.0	1	1	1	0	1	1.0	1	1.0	1	1	1	1	1	1.0	1	1	1	1	1	1.0	1	1	1	1	1	1	0.0	1.0	1.0	1.0	1	1	1.0
34	0	0	0.0	0	0.0	0	0.0	0.0	0	0	0	0	0	0	0	0	0	0.0	0.0	0	0	0	0	0	0	0	0	0	0	0	0	0	0	0	0	0	0	0	0	0	0.0	0.0	0	0	0.0	0	0.0	0	0	0	0	0	0	0	0	0	0	0	0.0	0.0	0	0	0.0	0.0	0.0	0.0	0.0	0.0	0.0	0.0	0	0	0	0	0	0.0	0	0.0	0	0.0	0	0	0	0	0	0.0	0	0.0	0	0	0	0	0	0.0	0	0	0	0	0	0.0	0	0	0	0	0	0	1.0	0.0	0.0	0.0	0	0	0.0
35	0	0	0.0	0	0.0	0	1.0	0.0	0	0	0	0	0	0	0	0	0	0.0	0.0	0	0	0	0	0	0	0	0	0	0	0	0	0	0	0	0	0	0	0	0	0	0.0	0.0	0	0	0.0	0	0.0	0	0	0	0	0	0	0	0	0	0	0	0.0	0.0	0	0	0.0	0.0	0.0	0.0	0.0	0.0	0.0	0.0	0	0	0	0	0	0.0	0	0.0	0	0.0	0	0	0	1	0	0.0	0	0.0	0	0	0	0	0	0.0	0	0	0	0	0	0.0	0	0	0	0	0	0	0.0	0.0	0.0	0.0	0	0	0.0
36	0	0	0.0	0	0.0	0	0.0	0.0	0	0	0	0	0	0	0	0	0	0.0	0.0	0	0	0	0	0	0	0	0	0	0	0	0	0	0	0	0	0	0	1	0	0	0.0	0.0	0	0	0.0	0	0.0	0	0	0	0	0	0	0	0	0	0	0	0.0	0.0	0	0	0.0	0.0	0.0	0.0	0.0	0.0	0.0	0.0	0	0	0	0	0	0.0	0	0.0	0	0.0	0	0	0	0	0	0.0	0	0.0	0	0	0	0	0	0.0	0	0	0	0	0	0.0	0	0	0	0	0	0	0.0	0.0	0.0	0.0	0	0	0.0
37	0	0	0.0	0	0.0	0	0.0	0.0	0	0	0	0	0	0	0	0	0	0.0	0.0	0	0	0	0	0	0	0	0	0	0	0	0	0	0	0	0	0	0	0	0	0	0.0	0.0	0	1	0.0	0	0.0	0	0	0	0	0	0	0	0	0	0	0	0.0	0.0	0	0	0.0	0.0	0.0	0.0	0.0	0.0	0.0	0.0	0	1	0	0	0	0.0	0	0.0	0	0.0	0	0	0	0	0	0.0	0	0.0	0	0	0	0	0	0.0	0	1	0	0	1	0.0	0	1	0	0	0	1	0.0	0.0	0.0	0.0	0	0	0.0
38	0	0	0.0	0	0.0	0	0.0	0.0	0	0	0	0	0	0	0	0	0	0.0	0.0	0	0	0	0	0	0	0	0	0	0	0	0	0	0	0	0	0	0	0	0	0	0.0	0.0	0	1	0.0	0	0.0	0	0	0	0	0	0	0	0	0	0	0	0.0	0.0	0	0	0.0	0.0	0.0	0.0	0.0	0.0	0.0	0.0	0	1	0	0	0	0.0	0	0.0	1	1.0	0	0	0	0	0	0.0	0	0.0	0	0	0	0	0	0.0	0	1	0	0	1	0.0	0	1	0	0	0	1	0.0	0.0	0.0	0.0	0	0	0.0
39	0	0	0.0	0	0.0	0	0.0	0.0	0	0	0	0	0	0	0	0	0	0.0	0.0	0	0	0	0	0	0	0	0	0	0	0	0	0	0	0	0	0	0	0	0	0	0.0	0.0	0	0	0.0	0	0.0	0	0	0	0	0	1	0	0	0	0	0	0.0	0.0	0	0	0.0	0.0	0.0	0.0	0.0	0.0	0.0	0.0	0	0	0	0	0	0.0	0	0.0	0	0.0	0	0	0	0	0	0.0	0	0.0	0	0	0	0	0	0.0	0	0	0	0	0	0.0	0	0	0	0	0	0	0.0	0.0	0.0	0.0	0	0	0.0
40	0	0	0.0	0	0.0	0	0.0	0.0	0	0	0	0	0	0	0	0	0	0.0	0.0	0	0	0	0	0	0	0	0	0	0	0	0	0	0	0	0	0	0	0	0	0	0.0	0.0	1	0	0.0	0	0.0	0	0	0	0	0	0	0	0	0	0	0	0.0	0.0	0	0	0.0	0.0	0.0	0.0	0.0	0.0	1.0	0.0	0	0	0	0	0	0.0	0	0.0	0	0.0	0	0	0	0	0	0.0	0	0.0	0	0	0	0	0	0.0	0	0	0	0	0	0.0	0	0	0	0	0	0	0.0	0.0	0.0	0.0	0	0	0.0
41	1	1	1.0	1	1.0	1	1.0	1.0	1	1	1	1	1	1	1	1	1	1.0	1.0	1	1	1	1	1	1	1	1	1	1	1	1	1	1	1	1	1	1	1	1	1	1.0	1.0	1	1	1.0	1	1.0	1	1	1	0	1	0	1	1	1	1	1	1.0	1.0	1	1	1.0	1.0	1.0	1.0	1.0	1.0	1.0	1.0	1	1	1	1	1	1.0	1	1.0	1	1.0	1	1	1	0	1	1.0	1	1.0	1	1	1	1	1	1.0	1	1	1	1	1	1.0	1	1	1	1	1	1	1.0	1.0	1.0	1.0	1	1	1.0
42	0	0	0.0	0	0.0	0	0.0	0.0	0	0	0	0	0	0	0	0	0	0.0	0.0	0	0	0	0	0	0	0	0	0	0	0	0	0	0	0	0	0	0	0	0	0	0.0	0.0	0	0	0.0	0	0.0	1	0	0	0	0	0	0	0	0	0	1	0.0	1.0	1	1	0.0	1.0	1.0	1.0	1.0	1.0	0.0	0.0	0	0	0	0	0	0.0	0	0.0	0	0.0	0	0	0	0	0	0.0	0	0.0	0	0	1	1	0	0.0	1	0	0	1	0	0.0	1	0	1	0	0	0	0.0	0.0	0.0	0.0	0	1	0.0
43	0	0	0.0	0	0.0	0	0.0	0.0	0	0	0	0	0	0	0	0	0	0.0	0.0	0	0	0	0	0	0	0	0	0	0	0	0	0	0	0	0	0	0	0	0	0	0.0	0.0	0	0	0.0	0	0.0	0	0	1	0	0	0	0	0	0	0	0	0.0	0.0	0	0	0.0	0.0	0.0	0.0	0.0	0.0	0.0	0.0	0	0	0	0	0	0.0	0	0.0	0	0.0	0	0	0	0	0	0.0	0	0.0	0	0	0	0	0	0.0	0	0	0	0	0	0.0	0	0	0	0	0	0	0.0	0.0	0.0	0.0	0	0	0.0
44	0	0	0.0	0	0.0	0	0.0	0.0	0	0	0	0	0	0	0	0	0	0.0	0.0	0	0	0	0	0	0	0	0	0	0	0	0	0	0	0	0	0	0	0	0	0	0.0	0.0	0	0	0.0	0	0.0	0	0	0	0	0	0	0	0	0	0	0	0.0	0.0	0	0	0.0	0.0	0.0	0.0	0.0	0.0	0.0	0.0	0	0	0	0	0	0.0	1	0.0	0	0.0	0	0	0	0	0	0.0	0	0.0	0	0	0	0	0	0.0	0	0	0	0	0	0.0	0	0	0	0	0	0	0.0	0.0	0.0	0.0	0	0	0.0
45	0	0	0.0	0	0.0	0	0.0	0.0	0	0	0	0	0	0	0	0	0	0.0	0.0	0	0	0	0	0	0	0	0	0	0	0	0	0	0	0	0	0	0	0	0	0	0.0	0.0	0	0	0.0	0	0.0	0	0	0	0	0	0	0	0	0	0	0	0.0	0.0	0	0	0.0	0.0	0.0	0.0	0.0	0.0	0.0	0.0	0	0	0	0	0	0.0	0	0.0	0	0.0	0	0	0	0	0	0.0	0	0.0	0	0	0	0	0	0.0	0	0	0	0	1	0.0	0	0	0	0	0	0	0.0	0.0	0.0	0.0	0	0	0.0
46	0	0	0.0	0	0.0	0	0.0	0.0	0	0	0	0	0	0	0	0	0	0.0	0.0	0	0	0	0	0	0	0	0	0	0	0	0	0	0	0	0	0	0	0	0	0	0.0	0.0	0	0	0.0	0	0.0	0	0	0	0	0	0	0	0	0	0	0	0.0	0.0	0	0	1.0	0.0	0.0	0.0	NaN	0.0	0.0	0.0	0	0	0	0	0	0.0	0	0.0	0	0.0	0	0	0	0	0	0.0	0	0.0	0	0	0	0	0	0.0	0	0	0	0	0	0.0	0	0	0	0	0	0	0.0	0.0	0.0	0.0	0	0	0.0
47	0	0	0.0	0	0.0	0	0.0	0.0	0	0	0	0	0	0	0	0	0	0.0	0.0	0	0	0	0	0	0	0	0	0	0	0	0	0	0	0	0	0	0	0	0	0	1.0	1.0	1	1	1.0	0	1.0	0	0	0	0	0	0	1	0	1	0	0	0.0	0.0	0	0	0.0	0.0	0.0	0.0	0.0	0.0	1.0	1.0	1	1	0	1	0	1.0	0	1.0	1	1.0	1	1	1	0	0	1.0	1	1.0	1	1	0	0	1	1.0	0	1	0	0	1	1.0	0	1	0	0	0	1	0.0	1.0	1.0	1.0	0	0	1.0
48	0	0	0.0	0	0.0	0	0.0	0.0	0	0	0	0	0	0	0	0	0	0.0	0.0	0	0	0	0	0	0	0	0	0	0	0	0	0	0	0	0	0	0	0	0	0	0.0	0.0	0	0	0.0	0	0.0	0	0	0	0	0	0	0	0	0	0	0	0.0	0.0	0	0	0.0	0.0	0.0	0.0	0.0	0.0	0.0	0.0	0	0	0	0	0	0.0	0	0.0	0	0.0	0	0	0	0	0	0.0	0	0.0	0	0	0	0	0	0.0	0	0	0	0	0	0.0	0	0	0	0	0	0	0.0	0.0	0.0	0.0	1	0	0.0
49	0	0	0.0	0	0.0	0	0.0	0.0	0	0	0	0	0	0	0	0	0	0.0	0.0	0	0	0	0	0	0	0	0	0	0	0	0	0	0	0	0	0	0	0	0	0	0.0	0.0	0	0	0.0	1	0.0	0	0	0	0	1	0	0	1	0	1	0	1.0	0.0	0	0	1.0	0.0	0.0	0.0	0.0	0.0	0.0	0.0	0	0	1	0	1	0.0	0	0.0	0	0.0	0	0	0	0	1	0.0	0	0.0	0	0	0	0	0	0.0	0	0	1	0	0	0.0	0	0	0	1	1	0	0.0	0.0	0.0	0.0	1	0	0.0
50	0	0	0.0	0	0.0	0	0.0	0.0	0	0	0	0	0	0	0	0	0	0.0	0.0	0	0	0	0	0	0	0	0	0	0	0	0	0	0	0	0	0	0	0	0	0	0.0	0.0	0	0	0.0	0	0.0	0	0	0	0	0	0	0	0	0	0	0	0.0	0.0	0	0	0.0	NaN	0.0	NaN	0.0	0.0	0.0	0.0	0	0	0	0	0	0.0	0	0.0	0	0.0	0	0	0	0	0	0.0	0	0.0	0	0	0	0	0	0.0	0	0	0	0	0	0.0	0	0	0	0	0	0	1.0	0.0	0.0	0.0	0	0	0.0
51	0	0	0.0	0	0.0	0	0.0	0.0	0	0	0	0	0	0	0	0	0	0.0	0.0	0	0	0	0	0	0	0	0	0	0	0	0	0	0	0	0	0	0	0	0	0	0.0	0.0	0	0	0.0	0	0.0	0	0	0	0	0	0	0	0	0	1	0	0.0	0.0	0	0	0.0	0.0	0.0	0.0	0.0	0.0	0.0	0.0	0	0	0	0	0	0.0	0	0.0	0	0.0	0	0	0	0	0	0.0	0	0.0	0	0	0	0	0	0.0	0	0	0	0	0	0.0	0	0	0	0	0	0	0.0	0.0	0.0	0.0	0	0	0.0
52	0	0	0.0	0	0.0	0	0.0	0.0	0	0	0	0	0	0	0	1	0	0.0	0.0	0	0	0	0	0	0	0	0	0	0	0	0	0	0	0	0	0	0	0	0	0	0.0	0.0	0	0	0.0	0	0.0	0	0	0	0	0	0	0	0	0	0	0	0.0	0.0	0	0	0.0	0.0	0.0	0.0	0.0	0.0	0.0	0.0	0	0	0	0	0	0.0	0	0.0	0	0.0	0	0	0	0	0	0.0	0	0.0	0	0	0	0	0	0.0	0	0	0	0	0	0.0	0	0	0	0	0	0	0.0	0.0	0.0	0.0	0	0	0.0
53	0	0	NaN	0	NaN	0	NaN	0.0	0	0	0	0	0	0	0	0	0	NaN	NaN	0	0	0	0	0	0	0	0	0	0	0	0	0	0	0	0	0	0	0	0	0	0.0	0.0	0	0	0.0	0	0.0	0	0	0	0	0	0	0	0	0	0	0	NaN	0.0	0	0	1.0	0.0	NaN	0.0	0.0	0.0	0.0	0.0	0	0	0	0	0	0.0	0	NaN	0	0.0	0	0	0	0	0	0.0	0	0.0	0	0	0	0	0	0.0	0	0	0	0	0	0.0	0	0	0	0	0	0	0.0	0.0	0.0	0.0	0	0	0.0
54	0	0	0.0	0	0.0	0	0.0	0.0	0	0	0	0	0	0	0	0	0	0.0	0.0	0	0	0	0	0	0	0	0	0	0	0	0	0	0	0	0	0	0	0	0	0	0.0	0.0	0	0	0.0	0	0.0	0	0	0	0	0	0	0	0	0	0	0	0.0	0.0	0	0	0.0	0.0	0.0	0.0	0.0	0.0	0.0	0.0	0	0	0	0	0	0.0	0	0.0	0	0.0	0	0	0	1	0	0.0	0	0.0	0	0	0	0	0	0.0	0	0	0	0	0	0.0	0	0	0	0	0	0	0.0	0.0	0.0	0.0	0	0	0.0
55	0	0	0.0	0	0.0	0	0.0	0.0	0	0	0	0	0	0	0	0	0	0.0	0.0	0	0	0	0	0	0	0	0	0	0	0	0	0	0	0	0	0	0	0	0	0	0.0	0.0	0	0	0.0	0	0.0	0	0	0	0	0	0	0	0	0	0	0	0.0	0.0	0	0	0.0	1.0	0.0	0.0	0.0	0.0	0.0	0.0	0	0	0	0	0	0.0	0	0.0	0	0.0	0	0	0	0	0	0.0	0	0.0	0	0	0	0	0	0.0	0	0	0	0	0	0.0	0	0	0	0	0	0	0.0	0.0	0.0	0.0	0	0	0.0
56	0	0	0.0	0	0.0	0	0.0	0.0	0	0	0	0	0	0	0	0	0	0.0	0.0	0	0	0	0	0	0	0	0	0	0	0	0	0	0	0	0	0	0	0	0	0	0.0	0.0	0	0	0.0	0	0.0	0	0	1	0	0	0	0	0	0	0	0	0.0	0.0	0	0	0.0	0.0	0.0	0.0	0.0	0.0	0.0	0.0	0	0	0	0	0	0.0	0	0.0	0	0.0	0	0	0	0	0	0.0	0	0.0	0	0	0	0	0	0.0	0	0	0	0	0	0.0	0	0	0	0	0	0	0.0	0.0	0.0	0.0	0	0	0.0
57	0	0	0.0	0	NaN	0	0.0	0.0	0	0	0	0	0	0	0	0	0	0.0	0.0	0	0	0	0	0	0	0	0	0	0	0	0	0	0	0	0	0	0	0	0	0	0.0	0.0	0	0	0.0	0	0.0	0	0	0	0	0	0	0	0	0	0	0	0.0	NaN	0	0	NaN	NaN	0.0	0.0	0.0	NaN	NaN	0.0	0	0	0	0	0	0.0	0	0.0	0	0.0	0	0	0	1	0	0.0	0	0.0	0	0	0	0	0	0.0	0	0	0	0	0	0.0	0	0	0	0	0	0	NaN	0.0	0.0	0.0	0	0	0.0
58	0	0	1.0	0	0.0	0	0.0	0.0	0	0	0	0	0	0	0	0	0	0.0	0.0	0	0	0	0	0	0	0	0	0	0	0	0	0	0	0	0	0	0	0	0	0	0.0	0.0	0	0	0.0	0	0.0	0	0	0	0	0	0	0	0	0	0	0	0.0	NaN	0	0	1.0	NaN	0.0	NaN	0.0	NaN	NaN	0.0	0	0	0	0	0	0.0	0	0.0	0	0.0	0	0	0	0	0	0.0	0	0.0	0	0	0	0	0	0.0	0	0	0	0	0	0.0	0	0	0	0	0	0	0.0	0.0	0.0	0.0	0	0	0.0
59	1	1	NaN	1	1.0	0	1.0	NaN	1	0	0	1	1	0	1	0	0	0.0	1.0	0	0	1	1	1	1	0	0	0	0	1	1	1	1	1	1	1	0	0	0	0	0.0	0.0	0	0	0.0	0	0.0	0	0	0	0	0	0	0	0	0	0	0	0.0	0.0	0	0	0.0	0.0	0.0	0.0	NaN	0.0	0.0	0.0	0	0	0	0	0	0.0	0	0.0	0	0.0	0	0	0	0	0	0.0	0	0.0	0	0	0	0	0	0.0	0	0	0	0	0	0.0	0	0	0	0	0	0	0.0	0.0	0.0	0.0	0	0	0.0
